-5.278425141520688868e+00
-5.272525479869459630e+00
-5.276390511686829043e+00
-5.278238130703410746e+00
-5.267167820952952439e+00
-5.276464126134022159e+00
-5.277758776035993193e+00
-5.274866077492030847e+00
-5.274663251323208790e+00
-5.278259457623692086e+00
-5.270550213925632832e+00
-5.276429359970318700e+00
-5.272459899845857834e+00
-5.279483696419244865e+00
-5.261774920335497541e+00
-5.278078345814272154e+00
-5.276304341244883567e+00
-5.269868927512115775e+00
-5.266729211237224817e+00
-5.274706292602892255e+00
-5.278099672734553494e+00
-5.272241151792128377e+00
-5.285329054781595204e+00
-5.282277721630912914e+00
-5.271092567911145110e+00
-5.260022258160685915e+00
-5.269318563341755635e+00
-5.270613213243727557e+00
-5.267720514699764323e+00
-5.267517688530942266e+00
-5.271113894831425561e+00
-5.266599183232321124e+00
-5.266249049968237728e+00
-5.269303386417163892e+00
-5.268508869152546126e+00
-5.270146424989244238e+00
-5.271514508900190243e+00
-5.276676274827601709e+00
-5.280541306644971122e+00
-5.276878375699785906e+00
-5.280787599079259209e+00
-5.271628626695110675e+00
-5.273642740922426242e+00
-5.277298916125617190e+00
-5.280457680881632143e+00
-5.264359106158963186e+00
-5.266873734630790338e+00
-5.260370650905344725e+00
-5.262034631868576895e+00
-5.263193859165343547e+00
-5.265558106656742510e+00
-5.278001738267002807e+00
-5.275429428224510886e+00
-5.271520204845036695e+00
-5.281866770084371332e+00
-5.269612272987437507e+00
-5.271626387214752185e+00
-5.275326753980047911e+00
-5.278485518736064641e+00
-5.271204628609744702e+00
-5.273218742837060269e+00
-5.268241818541734567e+00
-5.271346677275595916e+00
-5.274155308767527472e+00
-5.270996544011512519e+00
-5.273360791502911482e+00
-5.268307261473138325e+00
-5.270321375700453892e+00
-5.274740057407256266e+00
-5.277548688899187823e+00
-5.274389924143172870e+00
-5.276754171634570945e+00
-5.263402715779522012e+00
-5.277083774654428794e+00
-5.274230599079928083e+00
-5.266926190567687627e+00
-5.273501445266751908e+00
-5.265766963270920975e+00
-5.270879472588321235e+00
-5.280242539410443747e+00
-5.277389363835943925e+00
-5.273599249152796098e+00
-5.276703704241714199e+00
-5.278194436455549088e+00
-5.279993958404204157e+00
-5.275054720180658130e+00
-5.268417642297349879e+00
-5.277246696483872235e+00
-5.286726731436970361e+00
-5.276993853248339583e+00
-5.284618566478608059e+00
-5.279110229673412924e+00
-5.282870833183692660e+00
-5.287027807212167474e+00
-5.279554679683880813e+00
-5.283315283194160550e+00
-5.265391716257875387e+00
-5.273805293212770806e+00
-5.271546590366812168e+00
-5.281166715344193463e+00
-5.278511697345872555e+00
-5.278114231911089860e+00
-5.281507612042751099e+00
-5.275440234486148405e+00
-5.288847707253891528e+00
-5.286677387532141559e+00
-5.270558943181821832e+00
-5.274735150402380057e+00
-5.271060226849567876e+00
-5.272323882453423316e+00
-5.263661931162400442e+00
-5.269307689476599776e+00
-5.270571345080456105e+00
-5.256978139302979081e+00
-5.263133013411915861e+00
-5.270256190482871972e+00
-5.267601172484551952e+00
-5.267203707049770145e+00
-5.270597087181431384e+00
-5.262032761718404394e+00
-5.273269914764399324e+00
-5.288789834070029450e+00
-5.280193343974527664e+00
-5.283998139046912179e+00
-5.275929893195270282e+00
-5.273954159690847021e+00
-5.277758954763231536e+00
-5.269287887520851754e+00
-5.278952204060336939e+00
-5.276297186062018696e+00
-5.275899720627235112e+00
-5.279293100758897239e+00
-5.284507067810392478e+00
-5.281006930455053094e+00
-5.278351912456733075e+00
-5.277954447021951268e+00
-5.281347827153612506e+00
-5.275299429023630360e+00
-5.274901963588849441e+00
-5.278295343720508903e+00
-5.275696894458413944e+00
-5.278692809155292487e+00
-5.281688723852171030e+00
-5.269541608301411273e+00
-5.250741234916214140e+00
-5.267767603732022685e+00
-5.258835242092832374e+00
-5.266169555090031373e+00
-5.255695525817942304e+00
-5.269562935221692612e+00
-5.256321996407397279e+00
-5.265048223622588175e+00
-5.257437165063005402e+00
-5.267752426807430943e+00
-5.266201362185692680e+00
-5.279289265175156842e+00
-5.276237932024476329e+00
-5.273074184309612278e+00
-5.276478654022621839e+00
-5.275494729580881170e+00
-5.264424419830421975e+00
-5.273720725011491695e+00
-5.275015374913463617e+00
-5.272122676369500383e+00
-5.271919850200678326e+00
-5.275516056501162510e+00
-5.267608655226923453e+00
-5.273443609709501878e+00
-5.269518341147148455e+00
-5.276497946158428043e+00
-5.258635204060606583e+00
-5.274894437977276418e+00
-5.273120433407886942e+00
-5.266729211237224817e+00
-5.263589494962334747e+00
-5.271522384765895630e+00
-5.274915764897557757e+00
-5.269013052393027863e+00
-5.282100955382492913e+00
-5.279049622231812400e+00
-5.263548792543426558e+00
-5.267413824360795083e+00
-5.270078642381783141e+00
-5.276440622105576850e+00
-5.270280743253967337e+00
-5.276686914539864937e+00
-5.262658937556659033e+00
-5.271154036582921698e+00
-5.267184576458464385e+00
-5.279113627070830539e+00
-5.255264525806721210e+00
-5.260276102184971769e+00
-5.248553880596386279e+00
-5.257399112886733228e+00
-5.249788054327150455e+00
-5.262511622204133488e+00
-5.271404105821184238e+00
-5.271328743685116613e+00
-5.264922572399219014e+00
-5.277766085544977059e+00
-5.260642583848985865e+00
-5.269137682875248530e+00
-5.265212414312895994e+00
-5.277141464925262149e+00
-5.258593341036167601e+00
-5.269377741119832592e+00
-5.264141134002342071e+00
-5.262026854873059989e+00
-5.272016737692108101e+00
-5.261232337608441334e+00
-5.271666604428023817e+00
-5.255695973899562112e+00
-5.266480373983226215e+00
-5.265420235004720340e+00
-5.275410117823767564e+00
-5.264625717740103461e+00
-5.275059984559684167e+00
-5.246827854220120102e+00
-5.264270917756548762e+00
-5.262254564048875594e+00
-5.254370366753478905e+00
-5.251428808054767750e+00
-5.264783485601649993e+00
-5.268176865733311232e+00
-5.262230094587623697e+00
-5.262844317808331951e+00
-5.266237697939993190e+00
-5.279202618633571653e+00
-5.276393634621175721e+00
-5.248062027950884278e+00
-5.269941207187055277e+00
-5.267969045041486886e+00
-5.267342603905023957e+00
-5.271897708633781932e+00
-5.257280107811576286e+00
-5.265425073573757331e+00
-5.260103316071575996e+00
-5.271237849419325272e+00
-5.270611033422399672e+00
-5.280250782977365276e+00
-5.267757857847899849e+00
-5.277397607402864566e+00
-5.251689049617942473e+00
-5.268781979890287737e+00
-5.266765626182614568e+00
-5.260026079415918154e+00
-5.257084520717207887e+00
-5.269644680999472364e+00
-5.273038061131133603e+00
-5.266391023457278386e+00
-5.268149897206689580e+00
-5.271543277338349043e+00
-5.283713680767309739e+00
-5.280904696754913807e+00
-5.254512257877941295e+00
-5.275596919849495414e+00
-5.273624757703926136e+00
-5.272203799302846328e+00
-5.261062689674417925e+00
-5.245048359302972862e+00
-5.257789999315963136e+00
-5.267619697751573682e+00
-5.265095591606351988e+00
-5.265253500916429630e+00
-5.279143443402777969e+00
-5.279433927399171722e+00
-5.266421055045752198e+00
-5.259895330061680419e+00
-5.274075756544422511e+00
-5.280468906842179067e+00
-5.264347007393118894e+00
-5.279833645659298469e+00
-5.264505656730109173e+00
-5.265829549078948624e+00
-5.271035506568464868e+00
-5.274856346823729503e+00
-5.271237607440648176e+00
-5.275102639258019366e+00
-5.265987858435975610e+00
-5.267957781101185510e+00
-5.271658147866480348e+00
-5.274772721060392300e+00
-5.258762529461932012e+00
-5.261232966371652608e+00
-5.254774074208313550e+00
-5.256393863609440054e+00
-5.257597282468312372e+00
-5.259917338397605668e+00
-5.272360970007865966e+00
-5.269744468403270155e+00
-5.265879436585900741e+00
-5.276181810263130600e+00
-5.263971504728300665e+00
-5.265941427393511454e+00
-5.269685985720912846e+00
-5.272800558914823021e+00
-5.265608051912712639e+00
-5.267577974577922539e+00
-5.262556858720494724e+00
-5.265705909016459074e+00
-5.268470348946285853e+00
-5.265355775752375678e+00
-5.267675831681668974e+00
-5.262710684776108039e+00
-5.264680607441318827e+00
-5.269099289148120313e+00
-5.271863729077947092e+00
-5.268749155884036917e+00
-5.271069211813330213e+00
-5.257717755958280392e+00
-5.271398814833187174e+00
-5.268545639258687352e+00
-5.261241230746446007e+00
-5.267772293883406398e+00
-5.260037811887573689e+00
-5.265150321204975725e+00
-5.274513388027097349e+00
-5.271660212452598415e+00
-5.263576221957539047e+00
-5.258950613411720099e+00
-5.270668357166716333e+00
-5.262240867574208281e+00
-5.267572832453931042e+00
-5.254410578209569138e+00
-5.259040645418462390e+00
-5.260950331338689168e+00
-5.269014350133685909e+00
-5.265674461353868629e+00
-5.274410740681196863e+00
-5.262490553516872893e+00
-5.277700994843685933e+00
-5.257748584785724155e+00
-5.262378651994619183e+00
-5.265432988443545348e+00
-5.273497007238542089e+00
-5.259240762418345483e+00
-5.274639730845458452e+00
-5.261461567150506724e+00
-5.267236284888102027e+00
-5.265222170660786460e+00
-5.272141538927082927e+00
-5.274551347721248007e+00
-5.274700889687821359e+00
-5.270938120068210608e+00
-5.276712837805805023e+00
-5.273554073049789181e+00
-5.280473441316085648e+00
-5.277004780016911312e+00
-5.261861825598870723e+00
-5.267636543336465138e+00
-5.265622429109149572e+00
-5.272541797375446038e+00
-5.271426761640785053e+00
-5.277201479378379467e+00
-5.274042714622362737e+00
-5.280962082888660092e+00
-5.251384652170092870e+00
-5.263782266017514644e+00
-5.261523563171555118e+00
-5.263518052821287263e+00
-5.260818843260862465e+00
-5.269235855244533973e+00
-5.272629235376196100e+00
-5.259352725955142915e+00
-5.266946554187133422e+00
-5.270339934318794661e+00
-5.278769323476585562e+00
-5.276158497040370321e+00
-5.259143869340964450e+00
-5.278824680058636254e+00
-5.276654360336886285e+00
-5.271690545240819148e+00
-5.245075788717088017e+00
-5.256982059572385957e+00
-5.247532418281976696e+00
-5.253307136019571999e+00
-5.247651423357132749e+00
-5.254570791623428327e+00
-5.253638903967143392e+00
-5.255300625388818148e+00
-5.261075343126413451e+00
-5.254274979935273038e+00
-5.261194348201569504e+00
-5.238987038322671985e+00
-5.249125949324134233e+00
-5.247478840538740918e+00
-5.244779630978316121e+00
-5.253196642961988516e+00
-5.256590023093649755e+00
-5.246955112107722030e+00
-5.250907341904587078e+00
-5.254300722036248317e+00
-5.262730111194039218e+00
-5.260119284757823976e+00
-5.239463058623295311e+00
-5.256973549619215369e+00
-5.252009734523149120e+00
-5.278766806874774176e+00
-5.262544681451622353e+00
-5.268319399189217656e+00
-5.266349476524006867e+00
-5.273268844790302445e+00
-5.265906866000014119e+00
-5.272442186841862721e+00
-5.265826241647749484e+00
-5.271600959385344787e+00
-5.268486386191434612e+00
-5.275405754457730190e+00
-5.256261305605835155e+00
-5.262036023343430458e+00
-5.260066100678219669e+00
-5.266985468944517024e+00
-5.272021234369326237e+00
-5.277795952106920652e+00
-5.274681378913009588e+00
-5.281600747179306055e+00
-5.259264860325595592e+00
-5.261303541537433404e+00
-5.258604331977006829e+00
-5.267021343960680113e+00
-5.270414724092341352e+00
-5.257094023109183389e+00
-5.264732042903278675e+00
-5.268125423034939914e+00
-5.276554812192731703e+00
-5.273943985756516462e+00
-5.274484040615137204e+00
-5.269520225519069179e+00
-5.255732632604497745e+00
-5.253033423044072947e+00
-5.260305784499045956e+00
-5.263699164630707195e+00
-5.257736215381192402e+00
-5.270983903259796932e+00
-5.268373076823581691e+00
-5.259902287568831269e+00
-5.266821655835126847e+00
-5.257493981436273778e+00
-5.263268699173869081e+00
-5.257606574938621158e+00
-5.264878936393593278e+00
-5.268272316525252741e+00
-5.263454017804440888e+00
-5.264878936393593278e+00
-5.268272316525252741e+00
-5.275557055154344255e+00
-5.272946228718129902e+00
-5.261164716747038561e+00
-5.250334213483648149e+00
-5.260999955070281509e+00
-5.255037005820766716e+00
-5.268284693699371246e+00
-5.265673867263156893e+00
-5.271665696656913980e+00
-5.266847397936102126e+00
-5.271665696656913980e+00
-5.278950435286005494e+00
-5.276339608849790253e+00
-5.264558096878700688e+00
-5.268767263289048763e+00
-5.270030918892905980e+00
-5.275996043256042434e+00
-5.274541981026644066e+00
-5.276950287159201558e+00
-5.254923185892772963e+00
-5.272987486036492477e+00
-5.270376659600276348e+00
-5.264556410423001154e+00
-5.286235173915097008e+00
-5.283624347478881766e+00
-5.281013521042666525e+00
-5.274279696104462012e+00
-5.263209386354002817e+00
-5.272505691535073424e+00
-5.273800341437045347e+00
-5.270907642893081224e+00
-5.270704816724259167e+00
-5.274301023024743351e+00
-5.269436178161553741e+00
-5.269786311425638026e+00
-5.271695997345863027e+00
-5.272490514610479906e+00
-5.256884164911484802e+00
-5.260749196728854216e+00
-5.263414014749842273e+00
-5.269775994473634206e+00
-5.263616115622025582e+00
-5.270022286907924070e+00
-5.258366366617351240e+00
-5.262877428751090214e+00
-5.264036656047857754e+00
-5.269692368710297004e+00
-5.248599898174780343e+00
-5.253611474553030014e+00
-5.243911176392995088e+00
-5.249472638318984252e+00
-5.245845616651926058e+00
-5.253884881108216831e+00
-5.264739478189243371e+00
-5.264664116053175746e+00
-5.258257944767276371e+00
-5.271101457913036192e+00
-5.256350012909678071e+00
-5.260861075043417046e+00
-5.262064493902288476e+00
-5.267720206564728613e+00
-5.254300770096859807e+00
-5.261101133287999332e+00
-5.257476506370399427e+00
-5.258528801198368186e+00
-5.262945612595657963e+00
-5.257289899933218713e+00
-5.263039863332107160e+00
-5.251403402960255207e+00
-5.258203766151393843e+00
-5.261922181330030313e+00
-5.266338992727320090e+00
-5.260683280064879952e+00
-5.266433243463768399e+00
-5.253337670136352777e+00
-5.267463113011793041e+00
-5.264609937437292331e+00
-5.257749912925587132e+00
-5.265233081001839288e+00
-5.256798332477841562e+00
-5.261022073794174858e+00
-5.270829524616830852e+00
-5.267976349042331030e+00
-5.272252148093847346e+00
-5.270884064182902229e+00
-5.281278945838628225e+00
-5.277413914021259700e+00
-5.281525238272917200e+00
-5.277616014893443008e+00
-5.272168108312589752e+00
-5.274138030977799652e+00
-5.277838397743094490e+00
-5.280952970937006441e+00
-5.274239084460409899e+00
-5.268979457735393446e+00
-5.263942197396999312e+00
-5.266262253326293497e+00
-5.267465672185164927e+00
-5.271374762643694645e+00
-5.282604409278029323e+00
-5.272257844038694685e+00
-5.276167067418168877e+00
-5.278739377460659910e+00
-5.270151754604915695e+00
-5.272121677270125595e+00
-5.275866235597526099e+00
-5.278980808791437163e+00
-5.277623256271906094e+00
-5.280737829465817157e+00
-5.267611373824448329e+00
-5.271536025628989819e+00
-5.273856081558284004e+00
-5.271886158893073215e+00
-5.274650598822900882e+00
-5.274770080697406271e+00
-5.277884653891316447e+00
-5.274929405760651946e+00
-5.277249461689943466e+00
-5.275279539024733566e+00
-5.278043978954561233e+00
-5.262375955909873504e+00
-5.273939873401618073e+00
-5.271923519693944904e+00
-5.273560066878355990e+00
-5.270662699741752277e+00
-5.274452441246719303e+00
-5.277845821378380542e+00
-5.266019904188007139e+00
-5.273657923982103313e+00
-5.277051304113763663e+00
-5.280495480327530800e+00
-5.277642304753030977e+00
-5.265899430698039119e+00
-5.280754813360824862e+00
-5.278782651215257360e+00
-5.271132413505409176e+00
-5.265096745352620289e+00
-5.260910132522822913e+00
-5.262529921923949416e+00
-5.263733340782821735e+00
-5.266053396712115031e+00
-5.271744110227222002e+00
-5.273714032892431902e+00
-5.268846743090616513e+00
-5.270816665755826413e+00
-5.260711974946642222e+00
-5.271925759174303394e+00
-5.269909405466629337e+00
-5.271545952651041311e+00
-5.268648585514436711e+00
-5.271643809754787746e+00
-5.275037189886448097e+00
-5.263655656696608176e+00
-5.271293676490704350e+00
-5.274687056622365589e+00
-5.277336715571515846e+00
-5.274483539997016024e+00
-5.263535183206640156e+00
-5.277596048604809020e+00
-5.275623886459239742e+00
-5.267179131484774679e+00
-5.270245399892257154e+00
-5.264502272624079993e+00
-5.266972709533801478e+00
-5.271569292241097493e+00
-5.276775249730613737e+00
-5.276977350602797046e+00
-5.280596089985877484e+00
-5.280842382420167347e+00
-5.278100713170014835e+00
-5.271619179748047834e+00
-5.275484211565418136e+00
-5.281921553425279470e+00
-5.268296601882642705e+00
-5.273512037045554379e+00
-5.265066954171373936e+00
-5.269662141474127814e+00
-5.268964715516358588e+00
-5.266522425199236856e+00
-5.255846627324424425e+00
-5.260826827797401961e+00
-5.262736513717628739e+00
-5.271595049777243247e+00
-5.269662141474127814e+00
-5.266522425199236856e+00
-5.273958611329205404e+00
-5.258693708494932118e+00
-5.262973642439742861e+00
-5.266027978888669026e+00
-5.273297480419048888e+00
-5.265964610360494902e+00
-5.276086271497187674e+00
-5.265744697435868815e+00
-5.272313932438081885e+00
-5.269155167682065155e+00
-5.276424669212445906e+00
-5.276086271497187674e+00
-5.270958506173340830e+00
-5.269036162606909102e+00
-5.274016363079888414e+00
-5.272002248852573736e+00
-5.278571483854785029e+00
-5.278495512230745312e+00
-5.266189147446339369e+00
-5.272758382448551551e+00
-5.269599617692535709e+00
-5.276869119222914684e+00
-5.269480612617379656e+00
-5.274460813090358968e+00
-5.272446698863043402e+00
-5.279015933865255583e+00
-5.252275092780323007e+00
-5.264672706627744780e+00
-5.262414003781784366e+00
-5.264408493431516511e+00
-5.261709283871091714e+00
-5.270126295854764997e+00
-5.273519675986426236e+00
-5.260243166565373052e+00
-5.267836994797363559e+00
-5.271230374929024798e+00
-5.279659764086814810e+00
-5.277048937650601346e+00
-5.260034309951194587e+00
-5.279715120668865502e+00
-5.277544800947115533e+00
-5.272580985851049284e+00
-5.257032752387553742e+00
-5.263705907514534488e+00
-5.254847613441517851e+00
-5.262117114971897713e+00
-5.255316751780757301e+00
-5.264175287840370920e+00
-5.255129636180977393e+00
-5.256386541239590038e+00
-5.262067008240736143e+00
-5.256411295578296894e+00
-5.264569565109743721e+00
-5.240664301390836499e+00
-5.253762181766424177e+00
-5.251503478920465540e+00
-5.249856370135072225e+00
-5.247157160574647428e+00
-5.257163207087554468e+00
-5.260556587219214819e+00
-5.250032908232221018e+00
-5.253985138029086066e+00
-5.257378518160746417e+00
-5.267396941847772851e+00
-5.264786115411558498e+00
-5.242540854747793411e+00
-5.263810699994698972e+00
-5.261640380272949891e+00
-5.258265599706115623e+00
-5.280257539088608176e+00
-5.266827811736984444e+00
-5.273397046739197513e+00
-5.270282473545286450e+00
-5.277551975075666313e+00
-5.267397598213848120e+00
-5.268699803327382192e+00
-5.263880092624344975e+00
-5.268860293097323400e+00
-5.266890370432113500e+00
-5.273459605434326569e+00
-5.260588627453304689e+00
-5.267157862455515982e+00
-5.264043289261606695e+00
-5.271312790791985670e+00
-5.270119276908024730e+00
-5.275099477381004043e+00
-5.273129554715794143e+00
-5.279698789718006324e+00
-5.250016389934363481e+00
-5.262414003781784366e+00
-5.260155300935825728e+00
-5.262193982147662652e+00
-5.259494772587236966e+00
-5.267911784570910250e+00
-5.271305164702570600e+00
-5.257984463719413526e+00
-5.265622483513509700e+00
-5.269015863645169162e+00
-5.277445252802960951e+00
-5.274834426366746598e+00
-5.257863990229445506e+00
-5.277544800947115533e+00
-5.275374481225367340e+00
-5.270410666129299315e+00
-5.252353318041495633e+00
-5.269537180852742253e+00
-5.267322669568887505e+00
-5.260607110107252460e+00
-5.257907900546827662e+00
-5.266324912530501834e+00
-5.269718292662162185e+00
-5.264899993941348555e+00
-5.278147681819953974e+00
-5.275536855383738732e+00
-5.260147144749870662e+00
-5.265827611751015880e+00
-5.258789238409564248e+00
-5.264658206883609637e+00
-5.253386817044051860e+00
-5.268981645326063834e+00
-5.266767134042209086e+00
-5.261196225109276092e+00
-5.258497015548851294e+00
-5.266213761004356009e+00
-5.269607141136017248e+00
-5.262755423885436379e+00
-5.265324993003289045e+00
-5.268718373134950284e+00
-5.276447495764574391e+00
-5.273836669328359150e+00
-5.252498049042984007e+00
-5.268981645326063834e+00
-5.266767134042209086e+00
-5.263644191886504231e+00
-5.249698300043175614e+00
-5.266882162854422234e+00
-5.264667651570567486e+00
-5.257952092108932440e+00
-5.255252882548507642e+00
-5.263669894532180926e+00
-5.267063274663842165e+00
-5.262244975943029424e+00
-5.275492663821633066e+00
-5.272881837385419601e+00
-5.256780197175712210e+00
-5.272375025457724185e+00
-5.270160514173869437e+00
-5.264589605240936443e+00
-5.261890395680510757e+00
-5.269607141136017248e+00
-5.273000521267678486e+00
-5.266148804017097618e+00
-5.268718373134950284e+00
-5.272111753266610634e+00
-5.279840875896234742e+00
-5.277230049460021277e+00
-5.255891429174646134e+00
-5.272375025457724185e+00
-5.270160514173869437e+00
-5.267037572018164582e+00
-5.255892366037190122e+00
-5.249014206109597680e+00
-5.257576930481056010e+00
-5.259580505877428536e+00
-5.263293488242210216e+00
-5.263693746690574216e+00
-5.273564558424530979e+00
-5.274053199997104535e+00
-5.264376602543325845e+00
-5.258093226697540423e+00
-5.268452680004070743e+00
-5.274647672725646608e+00
-5.249483344448837130e+00
-5.267848609017106831e+00
-5.268975914880328126e+00
-5.262692539034541817e+00
-5.268248867465471719e+00
-5.263323243189770295e+00
-5.259676035792060667e+00
-5.271743834909454307e+00
-5.256457034291061703e+00
-5.276530644670193837e+00
-5.271462957811838379e+00
-5.277657950533414244e+00
-5.277019286242767393e+00
-5.273802007777927514e+00
-5.263926902959093823e+00
-5.269204077328567770e+00
-5.267020544013246486e+00
-5.263833240953572634e+00
-5.268113174898384266e+00
-5.264746763293345566e+00
-5.269726963766323102e+00
-5.247058730260017789e+00
-5.258756077579271881e+00
-5.256497374733312355e+00
-5.257139567005321368e+00
-5.254440357444895682e+00
-5.261268334899334320e+00
-5.264661715030995559e+00
-5.253626270988733360e+00
-5.259867801842999846e+00
-5.263261181974660197e+00
-5.270101536603219117e+00
-5.267490710167003876e+00
-5.250712819619109517e+00
-5.268804595807545788e+00
-5.266634276085796706e+00
-5.260081426460494036e+00
-5.259636514911743888e+00
-5.274531076665589069e+00
-5.272316565381735209e+00
-5.267890306977501602e+00
-5.265191097417076804e+00
-5.271318808343347762e+00
-5.274712188475009000e+00
-5.267604588696794821e+00
-5.280852276575400239e+00
-5.278241450139184110e+00
-5.256981496913423868e+00
-5.271876058667269049e+00
-5.269661547383415190e+00
-5.265235288979181583e+00
-5.262536079418756785e+00
-5.268663790345028630e+00
-5.272057170476688981e+00
-5.264949570698474801e+00
-5.278197258577079332e+00
-5.275586432140864979e+00
-5.258739447207696927e+00
-5.253005937808804759e+00
-5.259979627651029332e+00
-5.261727320519768547e+00
-5.266584953413250503e+00
-5.266985211861614502e+00
-5.275266989066337509e+00
-5.275755630638911953e+00
-5.267668067714365243e+00
-5.261384691868580710e+00
-5.270155110645878160e+00
-5.276350103367453137e+00
-5.253919460148577691e+00
-5.270695690187614524e+00
-5.271822996050834931e+00
-5.265539620205049509e+00
-5.271095948635978523e+00
-5.264581289831042454e+00
-5.262267234434935048e+00
-5.272745999023094043e+00
-5.260192883462636360e+00
-5.278677459312533848e+00
-5.273609772454179279e+00
-5.279804765175754255e+00
-5.279166100885108293e+00
-5.274359787891032880e+00
-5.267218368130134998e+00
-5.270906507970374300e+00
-5.263866370964165320e+00
-5.262531016580833665e+00
-5.267862981460556426e+00
-5.245365937723712513e+00
-5.259530911424969979e+00
-5.257272208579011341e+00
-5.253929052973768776e+00
-5.262780702523499166e+00
-5.277991143850311317e+00
-5.274929879852082948e+00
-5.274841496727873391e+00
-5.277294929023535808e+00
-5.274991038694446743e+00
-5.279056955881398672e+00
-5.266197015006638615e+00
-5.272732335848487217e+00
-5.276286192262666930e+00
-5.271491084194435572e+00
-5.277929985007947522e+00
-5.272946555222296716e+00
-5.266353668901094132e+00
-5.266309477338989353e+00
-5.275182723087615599e+00
-5.275138531525510821e+00
-5.272946555222296716e+00
-5.277841601883737965e+00
-5.266309477338989353e+00
-5.266265285776883687e+00
-5.275138531525510821e+00
-5.275094339963406043e+00
-5.282510401520247534e+00
-5.277046256277155400e+00
-5.277002064715050622e+00
-5.280806859787435137e+00
-5.280762668225330358e+00
-5.282510401520247534e+00
-5.277002064715050622e+00
-5.276957873152945844e+00
-5.280762668225330358e+00
-5.280718476663224692e+00
-5.284919642253805172e+00
-5.277490706287625066e+00
-5.277446514725520288e+00
-5.281251309797904803e+00
-5.281207118235799136e+00
-5.277446514725520288e+00
-5.277402323163414621e+00
-5.281207118235799136e+00
-5.281162926673693470e+00
-5.263327742861618752e+00
-5.271697128254409392e+00
-5.269438425408449866e+00
-5.279102741947935051e+00
-5.276447723949615920e+00
-5.276006066952729334e+00
-5.279399447084388797e+00
-5.263239359737407419e+00
-5.276006066952729334e+00
-5.279399447084388797e+00
-5.279014358823725495e+00
-5.276359340825405475e+00
-5.273376261089891770e+00
-5.286739542295530114e+00
-5.284569222573780145e+00
-5.273287877965682213e+00
-5.268539161347670863e+00
-5.272671177006124310e+00
-5.269040445015416907e+00
-5.268996253453312129e+00
-5.270304100619272347e+00
-5.270259909057167569e+00
-5.261553766204038141e+00
-5.267243716080344029e+00
-5.267199524518239251e+00
-5.268507371684200358e+00
-5.268463180122094691e+00
-5.254958357468828112e+00
-5.261069040015659226e+00
-5.268236408648721003e+00
-5.265581390650400984e+00
-5.265139733653513510e+00
-5.268533113785174749e+00
-5.254869974344616779e+00
-5.265139733653513510e+00
-5.268533113785174749e+00
-5.268148025524511446e+00
-5.265493007526191427e+00
-5.260012979884253426e+00
-5.271205941368142689e+00
-5.259924596760043869e+00
-5.286681669111668036e+00
-5.278129370578271029e+00
-5.278085179016166251e+00
-5.281934165650655544e+00
-5.281889974088550765e+00
-5.273821728236907980e+00
-5.272582793881913865e+00
-5.271845994732485607e+00
-5.271801803170379941e+00
-5.275650789804870122e+00
-5.275606598242764456e+00
-5.271890186294591274e+00
-5.271845994732485607e+00
-5.275694981366975789e+00
-5.275650789804870122e+00
-5.278085179016166251e+00
-5.278040987454061472e+00
-5.281889974088550765e+00
-5.281845782526445987e+00
-5.267179722562490340e+00
-5.276888230664081192e+00
-5.274233212665761172e+00
-5.273791555668873698e+00
-5.277184935800534937e+00
-5.260980656891448781e+00
-5.273791555668873698e+00
-5.277184935800534937e+00
-5.276799847539870747e+00
-5.274144829541551616e+00
-5.282398902852031064e+00
-5.271117558243933132e+00
-5.278987148620901237e+00
-5.276332130622582106e+00
-5.275890473625695520e+00
-5.279283853757354983e+00
-5.268148025524511446e+00
-5.278898765496691681e+00
-5.276243747498371661e+00
-5.268463180122094691e+00
-5.268418988559989025e+00
-5.267199524518239251e+00
-5.267155332956133584e+00
-5.273235455627374613e+00
-5.272793798630488027e+00
-5.276187178762148378e+00
-5.265051350529303065e+00
-5.272793798630488027e+00
-5.276187178762148378e+00
-5.275802090501485075e+00
-5.273147072503164168e+00
-5.265051350529303065e+00
-5.273677112624262087e+00
-5.276628835759035852e+00
-5.265493007526191427e+00
-5.276243747498371661e+00
-5.273588729500051642e+00
-5.279580558893808728e+00
-5.268444730660965192e+00
-5.279580558893808728e+00
-5.279195470633145426e+00
-5.276540452634825407e+00
-5.268444730660965192e+00
-5.268907870329100795e+00
-5.270171525932957124e+00
-5.268362395099249973e+00
-5.268863678766996017e+00
-5.270127334370852346e+00
-5.254781591220407222e+00
-5.268059642400300113e+00
-5.265404624401980982e+00
-5.259836213635833424e+00
-5.278810382372481236e+00
-5.276155364374161216e+00
-5.273500346375841197e+00
-5.259447953158898237e+00
-5.262063906140476810e+00
-5.270997388634087955e+00
-5.275902642673068854e+00
-5.264751821312994906e+00
-5.268512424823274642e+00
-5.270526539050590209e+00
-5.275431793089571109e+00
-5.266138795470304501e+00
-5.269104881715968247e+00
-5.271118995943283814e+00
-5.275674116718180429e+00
-5.248618580500453490e+00
-5.258171795513006508e+00
-5.255670743528760624e+00
-5.263946513250600034e+00
-5.261489652828461594e+00
-5.266469783574894592e+00
-5.269863163706555831e+00
-5.253554589411327136e+00
-5.264530615781577438e+00
-5.267923995913237789e+00
-5.273318637861215130e+00
-5.270905969001180580e+00
-5.260110129073670038e+00
-5.279093355598810433e+00
-5.276724878300880661e+00
-5.268924473571178879e+00
-5.262803138737159436e+00
-5.266213608983355776e+00
-5.269372373739370730e+00
-5.273483110513734751e+00
-5.274228374230699679e+00
-5.276844327212278252e+00
-5.280003091968294093e+00
-5.283763695478573830e+00
-5.250938636429746786e+00
-5.260141718178215520e+00
-5.257640666193971413e+00
-5.267061086444511986e+00
-5.264604226022371769e+00
-5.268789839504187889e+00
-5.272183219635849127e+00
-5.255174378812453639e+00
-5.267295055711404217e+00
-5.270688435843064568e+00
-5.275288560526425030e+00
-5.272875891666390480e+00
-5.264019219532197980e+00
-5.282207928792721496e+00
-5.279839451494791724e+00
-5.271244529500472176e+00
-5.258391759398110210e+00
-5.271236439581701738e+00
-5.268779579159561521e+00
-5.272965192641380305e+00
-5.276358572773039768e+00
-5.264916802838216725e+00
-5.272615059377296021e+00
-5.276008439508956371e+00
-5.280608564192315946e+00
-5.278195895332280507e+00
-5.272142112806491809e+00
-5.264797797763060672e+00
-5.276847960682036209e+00
-5.274391100259895993e+00
-5.278226580477630492e+00
-5.281619960609290843e+00
-5.269733806673934318e+00
-5.277432063213012725e+00
-5.280825443344673076e+00
-5.285075434763949254e+00
-5.282662765903914703e+00
-5.276258850114041721e+00
-5.279851812163073532e+00
-5.283612415673353269e+00
-5.259034366984758790e+00
-5.271879047168351207e+00
-5.269422186746211878e+00
-5.271879047168351207e+00
-5.269422186746211878e+00
-5.273607800228029774e+00
-5.277001180359690125e+00
-5.265559410424866194e+00
-5.273257666963945489e+00
-5.276651047095606728e+00
-5.281251171778965414e+00
-5.278838502918929976e+00
-5.265559410424866194e+00
-5.281251171778965414e+00
-5.278838502918929976e+00
-5.272784720393141278e+00
-5.265484596911815807e+00
-5.277534759830791344e+00
-5.275077899408652016e+00
-5.277534759830791344e+00
-5.275077899408652016e+00
-5.278913379626384739e+00
-5.282306759758045089e+00
-5.270420605822688565e+00
-5.278118862361767860e+00
-5.281512242493429099e+00
-5.285762233912703500e+00
-5.283349565052668950e+00
-5.270420605822688565e+00
-5.285762233912703500e+00
-5.283349565052668950e+00
-5.276945649262795079e+00
-5.261574456557966961e+00
-5.265075497820014938e+00
-5.272077204744530121e+00
-5.266036178037031057e+00
-5.271691890699471195e+00
-5.277688725844865480e+00
-5.264808034827033190e+00
-5.281537712479355662e+00
-5.275496685771855709e+00
-5.271423649282992230e+00
-5.265900769956524563e+00
-5.273666962457249419e+00
-5.267164425560380892e+00
-5.280007747905594684e+00
-5.286004583050988970e+00
-5.278045191255016810e+00
-5.254225964993302078e+00
-5.259131219032282090e+00
-5.264128092991111174e+00
-5.268238829765476083e+00
-5.260792436257966109e+00
-5.265347557032862724e+00
-5.248379643110290260e+00
-5.259117596135826744e+00
-5.257932858122842390e+00
-5.255475997700702173e+00
-5.260456128447136948e+00
-5.263849508578797298e+00
-5.255604953078565345e+00
-5.259661611182519181e+00
-5.263054991314180420e+00
-5.268449633262157761e+00
-5.266036964402122322e+00
-5.248321756208316202e+00
-5.262395365966998639e+00
-5.257136100705825932e+00
-5.256839946663457219e+00
-5.260156166173204362e+00
-5.255250912134223462e+00
-5.259455899645036681e+00
-5.252675201636956892e+00
-5.262618637397874721e+00
-5.261433899384890367e+00
-5.258977038962750150e+00
-5.263607036445100640e+00
-5.267000416576761879e+00
-5.258311477075996443e+00
-5.262368135179950279e+00
-5.265761515311610630e+00
-5.270806023995504574e+00
-5.268393355135469136e+00
-5.251028280205748189e+00
-5.264751756700344565e+00
-5.259142358175088461e+00
-5.259232524560938593e+00
-5.253191497853438641e+00
-5.259641727780495657e+00
-5.265638562925890831e+00
-5.265845951125257329e+00
-5.259804924417756489e+00
-5.256526405193509888e+00
-5.253406223037014655e+00
-5.261966932802358166e+00
-5.264666119815578860e+00
-5.270662954960973146e+00
-5.263498080429617865e+00
-5.280732825592005852e+00
-5.284493429102284701e+00
-5.269620344322391681e+00
-5.272121396306636676e+00
-5.269664535884497347e+00
-5.273850149366314355e+00
-5.277243529497974706e+00
-5.265757568001046884e+00
-5.273500016102230070e+00
-5.276893396233892197e+00
-5.281493520917249995e+00
-5.279080852057216333e+00
-5.279125043619322000e+00
-5.273071261093530637e+00
-5.268313391431710180e+00
-5.272073994941989916e+00
-5.271063506440285984e+00
-5.274029592685949730e+00
-5.272810128644198180e+00
-5.276220598890394520e+00
-5.269235030277330978e+00
-5.271736082261576861e+00
-5.269279221839435756e+00
-5.273114702057168479e+00
-5.276508082188829718e+00
-5.264577736691368415e+00
-5.272320184792552489e+00
-5.275713564924213728e+00
-5.279963556343489905e+00
-5.277550887483453579e+00
-5.277595079045558357e+00
-5.271191163255686263e+00
-5.263579317614891728e+00
-5.266080369599136723e+00
-5.263623509176996507e+00
-5.267809122658813514e+00
-5.271202502790474753e+00
-5.259716541293546044e+00
-5.267458989394730118e+00
-5.270852369526390468e+00
-5.275452494209750931e+00
-5.273039825349715493e+00
-5.273084016911820271e+00
-5.267030234386030685e+00
-5.275231865422727040e+00
-5.277732917406970259e+00
-5.275276056984831818e+00
-5.279111537202564541e+00
-5.282504917334224892e+00
-5.270574571836763589e+00
-5.278317019937948551e+00
-5.281710400069608013e+00
-5.285960391488884191e+00
-5.283547722628849641e+00
-5.283591914190954419e+00
-5.277187998401080549e+00
-5.269010980422956791e+00
-5.263443909534383458e+00
-5.271210102035109202e+00
-5.275632522394982260e+00
-5.264548472578800542e+00
-5.272314665079526286e+00
-5.262091612156661213e+00
-5.265576959110310540e+00
-5.268970339241971779e+00
-5.262162680632549439e+00
-5.265482708373860454e+00
-5.268876088505522581e+00
-5.272775946660714474e+00
-5.270363277800679036e+00
-5.259230999948955265e+00
-5.272898767610502802e+00
-5.272548634346418517e+00
-5.269857804657386957e+00
-5.276292147742164040e+00
-5.275942014478080644e+00
-5.273179070828708070e+00
-5.275795023810288420e+00
-5.266202675185063242e+00
-5.279397488632739055e+00
-5.276984819772703617e+00
-5.268434089340489734e+00
-5.260471766868620946e+00
-5.266866476120028118e+00
-5.261927237896482978e+00
-5.249900016311538131e+00
-5.259160150729325522e+00
-5.255295118911956109e+00
-5.271423156501950480e+00
-5.273900324927992322e+00
-5.259892403169367014e+00
-5.271441838644556732e+00
-5.262508356150946476e+00
-5.276347092683536744e+00
-5.242776007203162614e+00
-5.259157657943109854e+00
-5.256898955097150328e+00
-5.251267809419232435e+00
-5.248524408296701971e+00
-5.265755897698828569e+00
-5.269149277830489808e+00
-5.258712154773264480e+00
-5.261177295584026581e+00
-5.264570675715686932e+00
-5.281770350729829033e+00
-5.279203715855719459e+00
-5.248245923316632755e+00
-5.274200071984229687e+00
-5.272029752262480606e+00
-5.273339275116338598e+00
-5.257431460897646680e+00
-5.261607668118204906e+00
-5.251397950335054077e+00
-5.262947385810242906e+00
-5.251516955410210130e+00
-5.265355691942800398e+00
-5.250534448878225291e+00
-5.249645412962087754e+00
-5.261194848437275695e+00
-5.249764418037242031e+00
-5.263603154569833187e+00
-5.234362430248267195e+00
-5.250744080988213547e+00
-5.248485378142254021e+00
-5.240357284557911832e+00
-5.237613883435381368e+00
-5.254845372837508855e+00
-5.258238752969170093e+00
-5.250298577818368173e+00
-5.250266770722706866e+00
-5.253660150854366329e+00
-5.270859825868509319e+00
-5.268293190994399744e+00
-5.234838450548889632e+00
-5.260792599216486565e+00
-5.258622279494737484e+00
-5.259931802348596364e+00
-5.275662351785855186e+00
-5.260531067460012977e+00
-5.272080502935203583e+00
-5.263191212003698105e+00
-5.277029948536289261e+00
-5.262802410911096018e+00
-5.254291883176332334e+00
-5.265841318651522940e+00
-5.256952027720016574e+00
-5.270790764252607730e+00
-5.240517304357203976e+00
-5.256898955097150328e+00
-5.254640252251190802e+00
-5.249053298135377688e+00
-5.246309897012847223e+00
-5.263541386414974710e+00
-5.266934766546635949e+00
-5.256453451927304954e+00
-5.258962784300172721e+00
-5.262356164431832184e+00
-5.279555839445975174e+00
-5.276989204571865599e+00
-5.246075603594883674e+00
-5.272029752262480606e+00
-5.269859432540731525e+00
-5.271168955394589517e+00
-5.245351180370757760e+00
-5.266519080074529846e+00
-5.264304568790675987e+00
-5.251108024530093843e+00
-5.248364623407562490e+00
-5.263306811752288539e+00
-5.266700191883949778e+00
-5.265865930055661615e+00
-5.281610565840690441e+00
-5.279043930966580866e+00
-5.242298696937656821e+00
-5.263466596641428019e+00
-5.261252085357573272e+00
-5.248055541096992016e+00
-5.245312139974460663e+00
-5.260254328319185824e+00
-5.263647708450847951e+00
-5.262813446622559788e+00
-5.278558082407588614e+00
-5.275991447533478151e+00
-5.242696162372437740e+00
-5.263864062076209827e+00
-5.261649550792355079e+00
-5.248453006531772935e+00
-5.245709605409242471e+00
-5.260651793753969407e+00
-5.264045173885628870e+00
-5.263210912057342483e+00
-5.278955547842370422e+00
-5.276388912968260847e+00
-5.245692077069316284e+00
-5.266859976773088370e+00
-5.264645465489233622e+00
-5.251448921228651479e+00
-5.248705520106121902e+00
-5.263647708450847951e+00
-5.267041088582507413e+00
-5.266206826754221026e+00
-5.281951462539248965e+00
-5.279384827665139390e+00
-5.249671923958787900e+00
-5.234417670080089735e+00
-5.251706621666738073e+00
-5.256347937111099711e+00
-5.254582031879561299e+00
-5.273711903963388181e+00
-5.255309079294416819e+00
-5.248981511886526619e+00
-5.268111383970354389e+00
-5.274262185129823699e+00
-5.234536675155245788e+00
-5.260258524895502497e+00
-5.253930957487612297e+00
-5.259487285918541311e+00
-5.260790940951607375e+00
-5.256093333761649333e+00
-5.276887360094232982e+00
-5.249536325684491800e+00
-5.270771528514038629e+00
-5.276922329673507939e+00
-5.276327856944967643e+00
-5.279295666226790473e+00
-5.257356327616608205e+00
-5.266321641826321454e+00
-5.248366042879577087e+00
-5.263969210862565973e+00
-5.223470900387717109e+00
-5.243107234877753875e+00
-5.247494142907251025e+00
-5.253804652988452339e+00
-5.279286297418531504e+00
-5.270860018957018056e+00
-5.272622045814880032e+00
-5.259762104940121752e+00
-5.274027489416708292e+00
-5.285311409465627719e+00
-5.265531121736697351e+00
-5.270863086616419224e+00
-5.257700832372057320e+00
-5.262330899580952348e+00
-5.264240585501178238e+00
-5.272304604296174091e+00
-5.265780807679361963e+00
-5.280991249006174115e+00
-5.261038838948213225e+00
-5.265668906157107365e+00
-5.268723242606033530e+00
-5.276787261401032048e+00
-5.280295034179399494e+00
-5.265152079761358905e+00
-5.270926797498954208e+00
-5.268912683271638642e+00
-5.275832051537935996e+00
-5.274717015803272346e+00
-5.280491733540866761e+00
-5.277332968784852696e+00
-5.284252337051147386e+00
-5.254674906332582829e+00
-5.267072520180003714e+00
-5.264813817334044188e+00
-5.266808306983775445e+00
-5.264109097423350647e+00
-5.272526109407023931e+00
-5.275919489538685170e+00
-5.262642980117631986e+00
-5.270236808349622493e+00
-5.273630188481283732e+00
-5.282059577639074632e+00
-5.279448751202859391e+00
-5.262434123503454408e+00
-5.282114934221124436e+00
-5.279944614499375355e+00
-5.274980799403308218e+00
-5.260272313734874139e+00
-5.250822672444465766e+00
-5.256597390182060181e+00
-5.250941677519620931e+00
-5.257861045785917398e+00
-5.256929158129631574e+00
-5.258590879551308106e+00
-5.264365597288903409e+00
-5.257565234097762996e+00
-5.264484602364057686e+00
-5.242277292485161055e+00
-5.252416203486622415e+00
-5.250769094701229989e+00
-5.248069885140804303e+00
-5.256486897124477586e+00
-5.259880277256137937e+00
-5.250245366270211100e+00
-5.254197596067076148e+00
-5.257590976198736499e+00
-5.266020365356529176e+00
-5.263409538920313047e+00
-5.242753312785784381e+00
-5.260263803781704439e+00
-5.255299988685638191e+00
-5.282057061037262358e+00
-5.265834935614109646e+00
-5.271609653351705838e+00
-5.269639730686495049e+00
-5.276559098952792404e+00
-5.269197120162502301e+00
-5.275732441004351791e+00
-5.269116495810238554e+00
-5.274891213547832969e+00
-5.271776640353922794e+00
-5.278696008620218372e+00
-5.259551559768325113e+00
-5.265326277505920416e+00
-5.263356354840709628e+00
-5.270275723107005206e+00
-5.275311488531813531e+00
-5.281086206269407946e+00
-5.277971633075498659e+00
-5.284891001341794237e+00
-5.262555114488084662e+00
-5.264593795699921586e+00
-5.261894586139496788e+00
-5.270311598123169183e+00
-5.273704978254829534e+00
-5.260384277271672460e+00
-5.268022297065767745e+00
-5.271415677197428984e+00
-5.279845066355219885e+00
-5.277234239919005532e+00
-5.277774294777627162e+00
-5.272810479681559137e+00
-5.259022886766987703e+00
-5.256323677206562017e+00
-5.263596038661535914e+00
-5.266989418793195377e+00
-5.261026469543681472e+00
-5.274274157422286002e+00
-5.271663330986070761e+00
-5.263192541731319452e+00
-5.270111909997615030e+00
-5.260784235598762848e+00
-5.266558953336358151e+00
-5.260896829101110228e+00
-5.268169190556080572e+00
-5.271562570687742699e+00
-5.266744271966929958e+00
-5.268169190556080572e+00
-5.271562570687742699e+00
-5.278847309316834213e+00
-5.276236482880618972e+00
-5.264454970909528519e+00
-5.253624467646137219e+00
-5.264290209232770579e+00
-5.258327259983255786e+00
-5.271574947861861205e+00
-5.268964121425645075e+00
-5.274955950819403050e+00
-5.270137652098591197e+00
-5.274955950819403050e+00
-5.282240689448493676e+00
-5.279629863012279323e+00
-5.267848351041189758e+00
-5.272057517451537834e+00
-5.273321173055395050e+00
-5.277832235189133137e+00
-5.280240541321689740e+00
-5.258213440055262033e+00
-5.276277740198980659e+00
-5.273666913762766306e+00
-5.267846664585490224e+00
-5.289525428077585190e+00
-5.286914601641369948e+00
-5.284303775205155596e+00
-5.263382708924345010e+00
-5.255796341358326629e+00
-5.260076275303137372e+00
-5.263130611752063537e+00
-5.270400113282443399e+00
-5.263382708924345010e+00
-5.252905068625714158e+00
-5.257885269098692582e+00
-5.259794955018918472e+00
-5.268653491078532092e+00
-5.275355795955853466e+00
-5.266583245480773279e+00
-5.271563445953751703e+00
-5.269549331726437025e+00
-5.276118566728650094e+00
-5.263247588747628214e+00
-5.269816823749839507e+00
-5.266658058993825442e+00
-5.273927560524204416e+00
-5.249575883219898209e+00
-5.261973497067319983e+00
-5.259714794221359568e+00
-5.261709283871091714e+00
-5.259010074310666027e+00
-5.267427086294340199e+00
-5.270820466425999662e+00
-5.257543957004948254e+00
-5.265137785236938761e+00
-5.268531165368598224e+00
-5.276960554526390013e+00
-5.274349728090176548e+00
-5.257335100390769789e+00
-5.277015911108439816e+00
-5.274845591386690735e+00
-5.269881776290622710e+00
-5.265604278614596012e+00
-5.260980065379071036e+00
-5.265259999323883555e+00
-5.261893587718844856e+00
-5.266873788191823280e+00
-5.251989919906087323e+00
-5.255891871272959648e+00
-5.261760839747004148e+00
-5.257249777613266062e+00
-5.262930244614411279e+00
-5.244403712261697770e+00
-5.256101059580951862e+00
-5.253842356734992336e+00
-5.254484549007001348e+00
-5.251785339446575662e+00
-5.258613316901014301e+00
-5.262006697032674651e+00
-5.250971252990413340e+00
-5.257212783844679826e+00
-5.260606163976341065e+00
-5.267446518604899097e+00
-5.264835692168683856e+00
-5.248057801620789498e+00
-5.266149577809225768e+00
-5.263979258087476687e+00
-5.257426408462174017e+00
-5.277117822813716330e+00
-5.267221909771419242e+00
-5.272202110244397666e+00
-5.270232187579187766e+00
-5.276801422581401724e+00
-5.264257881938957162e+00
-5.260521999677537863e+00
-5.257647068754593533e+00
-5.264216303756805715e+00
-5.261101730562896428e+00
-5.268371232093275403e+00
-5.260982725487739486e+00
-5.265962925960717911e+00
-5.263993003295508011e+00
-5.270562238297719304e+00
-5.263886253038274177e+00
-5.270455488040486358e+00
-5.267340914846577071e+00
-5.274610416376956046e+00
-5.247317180373937795e+00
-5.259714794221359568e+00
-5.257456091375400042e+00
-5.259494772587236966e+00
-5.256795563026812168e+00
-5.265212575010485452e+00
-5.268605955142145802e+00
-5.255285254158988728e+00
-5.262923273953083125e+00
-5.266316654084744364e+00
-5.274746043242536153e+00
-5.272135216806320024e+00
-5.255164780669019819e+00
-5.274845591386690735e+00
-5.272675271664941654e+00
-5.267711456568873629e+00
-5.256981496913423868e+00
-5.271876058667269049e+00
-5.269661547383415190e+00
-5.265235288979181583e+00
-5.262536079418756785e+00
-5.268663790345028630e+00
-5.272057170476688981e+00
-5.264949570698474801e+00
-5.278197258577079332e+00
-5.275586432140864979e+00
-5.253469736879586627e+00
-5.261628006411032565e+00
-5.253444982540880659e+00
-5.259125449542026765e+00
-5.249798839482559210e+00
-5.266282435765638148e+00
-5.264067924481784289e+00
-5.258497015548851294e+00
-5.255797805988424720e+00
-5.262625783442864247e+00
-5.266019163574524597e+00
-5.260944982326078545e+00
-5.263514551443931211e+00
-5.266907931575592450e+00
-5.273748286204149593e+00
-5.271137459767934352e+00
-5.250687607483627062e+00
-5.266282435765638148e+00
-5.264067924481784289e+00
-5.260056214325010693e+00
-5.254326478915103849e+00
-5.269221040668949030e+00
-5.267006529385095170e+00
-5.262580270980861563e+00
-5.259881061420435877e+00
-5.266008772346708611e+00
-5.269402152478368961e+00
-5.262294552700154782e+00
-5.275542240578759312e+00
-5.272931414142544959e+00
-5.253192219614219560e+00
-5.269675815897298499e+00
-5.267461304613444639e+00
-5.261890395680510757e+00
-5.259191186120085959e+00
-5.266019163574524597e+00
-5.269412543706185836e+00
-5.264338362457739784e+00
-5.266907931575592450e+00
-5.270301311707252800e+00
-5.277141666335809944e+00
-5.274530839899595591e+00
-5.254080987615287412e+00
-5.269675815897298499e+00
-5.267461304613444639e+00
-5.263449594456672820e+00
-5.256282586785556710e+00
-5.250549077386665431e+00
-5.257522767228890004e+00
-5.259270460097629218e+00
-5.264528351439476062e+00
-5.273298770216772624e+00
-5.265211207292226803e+00
-5.258927831446440493e+00
-5.267698250223738832e+00
-5.273893242945313808e+00
-5.251462599726439251e+00
-5.269366135628695602e+00
-5.263082759782910180e+00
-5.268639088213838306e+00
-5.262124429408903126e+00
-5.259810374012795720e+00
-5.270289138600954715e+00
-5.257736023040497031e+00
-5.271152912032039062e+00
-5.277347904753614927e+00
-5.276709240462968964e+00
-5.271902927468893552e+00
-5.264761507707995669e+00
-5.268449647548234971e+00
-5.251861863180701917e+00
-5.259131364711080892e+00
-5.252331001519941367e+00
-5.261189537579554987e+00
-5.237920900268305147e+00
-5.251018780643894601e+00
-5.248760077797935075e+00
-5.247112969012542649e+00
-5.244413759452116963e+00
-5.254419805965024004e+00
-5.257813186096684355e+00
-5.247289507109689666e+00
-5.251241736906555602e+00
-5.254635117038215952e+00
-5.264653540725242387e+00
-5.262042714289028034e+00
-5.239797453625262058e+00
-5.261067298872167619e+00
-5.258896979150418538e+00
-5.255522198583585158e+00
-5.249609916918965169e+00
-5.266793779730211789e+00
-5.264579268446357929e+00
-5.257863708984722884e+00
-5.255164499424298086e+00
-5.263581511407970481e+00
-5.266974891539631720e+00
-5.262156592818818979e+00
-5.275404280697423509e+00
-5.272793454261208268e+00
-5.246954898920645149e+00
-5.264138761731891769e+00
-5.261924250448037910e+00
-5.255208690986402864e+00
-5.252509481425977178e+00
-5.260926493409650462e+00
-5.264319873541311701e+00
-5.259501574820498959e+00
-5.272749262699103490e+00
-5.270138436262888249e+00
-5.253391314052945127e+00
-5.246513154125352685e+00
-5.255075878496811903e+00
-5.257079453893183540e+00
-5.261192694706329220e+00
-5.271552148012860428e+00
-5.261875550559081738e+00
-5.255592174713294540e+00
-5.265951628019826636e+00
-5.272146620741401613e+00
-5.246982292464592135e+00
-5.266474862896083131e+00
-5.260191487050298598e+00
-5.265747815481226723e+00
-5.260822191205524412e+00
-5.257174983807817448e+00
-5.269242782925210200e+00
-5.253955982306816708e+00
-5.268961905827594272e+00
-5.275156898549170137e+00
-5.274518234258524174e+00
-5.271300955793683407e+00
-5.261425850974849716e+00
-5.266703025344322775e+00
-5.255013505733050927e+00
-5.251670350127809250e+00
-5.275036226177576282e+00
-5.276798253035439146e+00
-5.263938312160679978e+00
-5.270473633002528580e+00
-5.239545668130965339e+00
-5.250881869181904804e+00
-5.248380817197659809e+00
-5.260674641036578336e+00
-5.264068021168239575e+00
-5.248047649118612767e+00
-5.255745905657692951e+00
-5.259139285789353302e+00
-5.271803429267709618e+00
-5.269434951969779846e+00
-5.266407100864033630e+00
-5.238668509625669323e+00
-5.250354843940692184e+00
-5.247853791956447189e+00
-5.260942133059981707e+00
-5.264335513191642946e+00
-5.247870757141483544e+00
-5.255569013680561952e+00
-5.258962393812223191e+00
-5.272421054555198161e+00
-5.270052577257266613e+00
-5.267819243416138164e+00
-5.269159224787010487e+00
-5.277988278973532843e+00
-5.249261188087103847e+00
-5.264589120837250391e+00
-5.262132260415109286e+00
-5.258814403099655976e+00
-5.256313351115410093e+00
-5.267112391161544949e+00
-5.270505771293204411e+00
-5.260752736660319506e+00
-5.265173223368226907e+00
-5.268566603499887258e+00
-5.279735963185459013e+00
-5.277367485887530130e+00
-5.254197196997976604e+00
-5.273961245447863710e+00
-5.271548576587829160e+00
-5.269567081157827459e+00
-5.251625435578501921e+00
-5.267747885593266233e+00
-5.265291025171126016e+00
-5.260828517326970655e+00
-5.258327465342724771e+00
-5.269476638652943024e+00
-5.272870018784604262e+00
-5.264706018680953115e+00
-5.267981854860158464e+00
-5.271375234991820591e+00
-5.282894727941475743e+00
-5.280526250643545971e+00
-5.255861177961207886e+00
-5.275975359675178389e+00
-5.273562690815143839e+00
-5.271931328649226423e+00
-5.248509812489269954e+00
-5.244242646644475592e+00
-5.256558165324979548e+00
-5.251966824140582801e+00
-5.258531274147386192e+00
-5.273045655790386199e+00
-5.258773623285671661e+00
-5.252688405016066930e+00
-5.267202786659066938e+00
-5.273155430242356445e+00
-5.246331574384842433e+00
-5.269378781549196589e+00
-5.263293563279591858e+00
-5.269048049286700675e+00
-5.265538056302759173e+00
-5.256581225390189793e+00
-5.273161895309370628e+00
-5.255213141479243788e+00
-5.274373993336489264e+00
-5.280326636919778771e+00
-5.280128479343597192e+00
-5.278684774635837407e+00
-5.268286722046373605e+00
-5.275177685283788165e+00
-5.241803678647225517e+00
-5.256781478133288665e+00
-5.254324617711148449e+00
-5.246008760505025847e+00
-5.256013283286542936e+00
-5.259406663418203287e+00
-5.252594960692274384e+00
-5.254518499493757488e+00
-5.257911879625418727e+00
-5.265918244748442945e+00
-5.241045525217084666e+00
-5.260015056402354894e+00
-5.257602387542320344e+00
-5.254826374847700876e+00
-5.245702975286863357e+00
-5.254976413473917418e+00
-5.245002708758695675e+00
-5.253387378944683661e+00
-5.242013254738233208e+00
-5.257785571488912346e+00
-5.255328711066773906e+00
-5.248369255316193360e+00
-5.245868203331949253e+00
-5.256222859377549739e+00
-5.259616239509210089e+00
-5.254393571312515832e+00
-5.255172459585298661e+00
-5.258565839716960788e+00
-5.269290815401998174e+00
-5.266922338104069290e+00
-5.240554834779923787e+00
-5.259874499229279188e+00
-5.257461830369245526e+00
-5.255035950938708567e+00
-5.235039564896007747e+00
-5.246560566311894824e+00
-5.244910557034453191e+00
-5.248978059134834950e+00
-5.262697923513217191e+00
-5.249220408273120420e+00
-5.243135190003515689e+00
-5.256855054381897929e+00
-5.262807697965187437e+00
-5.234281411465867784e+00
-5.256534101365605061e+00
-5.250448883096000330e+00
-5.256203369103108258e+00
-5.251898858854548990e+00
-5.246677877113554267e+00
-5.262464029768116447e+00
-5.242812845296183966e+00
-5.261179179888814339e+00
-5.267131823472103846e+00
-5.266933665895923156e+00
-5.264695443923543827e+00
-5.258691406665072066e+00
-5.270040238215942807e+00
-5.278869292402465163e+00
-5.249459345663284537e+00
-5.264787278413431082e+00
-5.262330417991289977e+00
-5.259056752237941446e+00
-5.256555700253695562e+00
-5.267354740299830418e+00
-5.270748120431489880e+00
-5.260950894236500197e+00
-5.265415572506512376e+00
-5.268808952638172727e+00
-5.279978312323745371e+00
-5.277609835025815599e+00
-5.254483737698367740e+00
-5.274247786148254846e+00
-5.271835117288219408e+00
-5.269853621858219483e+00
-5.257620804055648911e+00
-5.266449858242170379e+00
-5.245782566447182660e+00
-5.261905016461946083e+00
-5.259448156039806754e+00
-5.255029839757755283e+00
-5.252528787773510288e+00
-5.263677961083727652e+00
-5.267071341215388891e+00
-5.258863149549632077e+00
-5.262183177290943981e+00
-5.265576557422605219e+00
-5.277096050372261260e+00
-5.274727573074331488e+00
-5.250106691954097293e+00
-5.270220873668069572e+00
-5.267808204808035022e+00
-5.266176842642116718e+00
-5.243418318955783697e+00
-5.258746251705929353e+00
-5.256289391283790025e+00
-5.253015725530439717e+00
-5.250514673546195610e+00
-5.261313713592329577e+00
-5.264707093723989928e+00
-5.254909867528999357e+00
-5.259374545799011536e+00
-5.262767925930671886e+00
-5.273937285616244530e+00
-5.271568808318315646e+00
-5.248442710990866011e+00
-5.268206759440754894e+00
-5.265794090580720344e+00
-5.263812595150718643e+00
-5.251779401592577834e+00
-5.267901851607341257e+00
-5.265444991185201928e+00
-5.261026674903151346e+00
-5.258525622918905462e+00
-5.269674796229123714e+00
-5.273068176360784065e+00
-5.264859984695028139e+00
-5.268180012436340043e+00
-5.271573392568000394e+00
-5.283092885517656434e+00
-5.280724408219727550e+00
-5.256103527099493355e+00
-5.276217708813464746e+00
-5.273805039953429308e+00
-5.272173677787512780e+00
-5.241785786222336263e+00
-5.254101304902840219e+00
-5.249465772156336918e+00
-5.256074413725246863e+00
-5.270588795368245982e+00
-5.256316762863532333e+00
-5.250231544593926714e+00
-5.264745926236924944e+00
-5.270698569820216228e+00
-5.243918905524807883e+00
-5.266966112689161150e+00
-5.260880894419556419e+00
-5.266635380426667012e+00
-5.263125387442724623e+00
-5.254124364968049576e+00
-5.270705034887230411e+00
-5.252800472619207461e+00
-5.271961324476454713e+00
-5.277913968059743333e+00
-5.277715810483563530e+00
-5.276272105775802856e+00
-5.272809207985857505e+00
-5.254268864267578110e+00
-5.261383140313301787e+00
-5.262172872582510763e+00
-5.274397953168108444e+00
-5.262459413282901011e+00
-5.256374195013295392e+00
-5.268599275598894849e+00
-5.274551919182184356e+00
-5.258870526447590343e+00
-5.241078209330962245e+00
-5.261636775045467118e+00
-5.259224106185432568e+00
-5.247842230074981629e+00
-5.245341178090735745e+00
-5.254551183607635068e+00
-5.257944563739295418e+00
-5.258037128020046858e+00
-5.256934735401487480e+00
-5.260328115533147830e+00
-5.269908440689485829e+00
-5.267539963391556945e+00
-5.240435829704768622e+00
-5.256113895718998563e+00
-5.253657035296859235e+00
-5.252627644806151963e+00
-5.242329801269028700e+00
-5.252706152156215502e+00
-5.261409462731171160e+00
-5.261054544471680749e+00
-5.273629758321362715e+00
-5.261341085172071885e+00
-5.255255866902466266e+00
-5.267831080752147344e+00
-5.273783724335437739e+00
-5.241979668004945303e+00
-5.260546567907454119e+00
-5.254461349637849388e+00
-5.260260027207062095e+00
-5.257307814336227736e+00
-5.258546715601378096e+00
-5.273188217727240001e+00
-5.252800402892665588e+00
-5.267480947488063947e+00
-5.273433591071354343e+00
-5.273279625057278430e+00
-5.272393700462623123e+00
-5.259470294937853119e+00
-5.251812003845437893e+00
-5.258926279891160682e+00
-5.259716012160370546e+00
-5.271941092745969115e+00
-5.260002552860760794e+00
-5.253917334591156063e+00
-5.266142415176754632e+00
-5.272095058760044139e+00
-5.256413666025450127e+00
-5.245723181400690827e+00
-5.256099532287874965e+00
-5.264802842862833288e+00
-5.264447924603341100e+00
-5.277023138453023066e+00
-5.264734465303732236e+00
-5.258649247034127505e+00
-5.271224460883808582e+00
-5.277177104467098090e+00
-5.245373048136606542e+00
-5.263939948039114469e+00
-5.257854729769508850e+00
-5.263653407338724222e+00
-5.260701194467888087e+00
-5.261940095733039335e+00
-5.276581597858901240e+00
-5.256193783024326827e+00
-5.270874327619725186e+00
-5.276826971203014693e+00
-5.276673005188939669e+00
-5.275787080594283474e+00
-5.262863675069515246e+00
-5.249490210367779852e+00
-5.271801809339228484e+00
-5.272682822768160804e+00
-5.260263388607866908e+00
-5.246500642782211621e+00
-5.244852670132480021e+00
-5.265761369111068291e+00
-5.263348700251032852e+00
-5.262511855349732315e+00
-5.247391447410987730e+00
-5.248920172232860004e+00
-5.264229071140476890e+00
-5.249162521371146362e+00
-5.243077303101541631e+00
-5.258386202009158517e+00
-5.264338845592448024e+00
-5.234223524563893726e+00
-5.258065248992864760e+00
-5.251980030723259141e+00
-5.257734516730369734e+00
-5.255019041011045111e+00
-5.247320256739747002e+00
-5.243455224922377589e+00
-5.263410594044240831e+00
-5.269363237627530339e+00
-5.269165080051349648e+00
-5.268515892608205853e+00
-5.257502442536645226e+00
-5.265406450851576992e+00
-5.278776181965875836e+00
-5.265692991551968127e+00
-5.259607773282362508e+00
-5.272977504396662241e+00
-5.278930147979951748e+00
-5.263248755245357735e+00
-5.255089773676609788e+00
-5.262993781991542441e+00
-5.276363513105842173e+00
-5.263280322691931801e+00
-5.257195104422327070e+00
-5.270564835536625914e+00
-5.276517479119916310e+00
-5.260836086385323185e+00
-5.251198249972169663e+00
-5.273065464943084812e+00
-5.273946478372016244e+00
-5.261527044211722348e+00
-5.247319914385533579e+00
-5.287328882987361922e+00
-5.280296262173543198e+00
-5.284056865683822934e+00
-5.266573805462002156e+00
-5.274987382416898463e+00
-5.272728679570938937e+00
-5.282348804548319343e+00
-5.279693786550000212e+00
-5.279296321115217516e+00
-5.282689701246878755e+00
-5.276622323690276062e+00
-5.290029796458018296e+00
-5.287859476736270103e+00
-5.263963006937595779e+00
-5.270049271966261273e+00
-5.271312927570117601e+00
-5.258160228507105849e+00
-5.266573805462002156e+00
-5.264315102616042630e+00
-5.271438279686999628e+00
-5.268783261688679609e+00
-5.268385796253897801e+00
-5.271779176385558152e+00
-5.263214850922532939e+00
-5.276622323690276062e+00
-5.274452003968526981e+00
-5.289090909845225674e+00
-5.280934926464189161e+00
-5.284739721536573676e+00
-5.276230968970464730e+00
-5.274695742180507629e+00
-5.278500537252893032e+00
-5.264315102616042630e+00
-5.272728679570938937e+00
-5.270469976724979411e+00
-5.280134293264465484e+00
-5.277479275266144576e+00
-5.277081809831363657e+00
-5.280475189963024008e+00
-5.274452003968526981e+00
-5.287859476736270103e+00
-5.285689157014521022e+00
-5.271438279686999628e+00
-5.282348804548319343e+00
-5.280134293264465484e+00
-5.282189019659180751e+00
-5.279534001660860731e+00
-5.279136536226078924e+00
-5.282529916357739275e+00
-5.268385796253897801e+00
-5.279296321115217516e+00
-5.277081809831363657e+00
-5.279136536226078924e+00
-5.276481518227758905e+00
-5.276084052792976209e+00
-5.279477432924637448e+00
-5.268783261688679609e+00
-5.279693786550000212e+00
-5.277479275266144576e+00
-5.279534001660860731e+00
-5.276878983662539824e+00
-5.276481518227758905e+00
-5.279874898359419255e+00
-5.271779176385558152e+00
-5.282689701246878755e+00
-5.280475189963024008e+00
-5.282529916357739275e+00
-5.279874898359419255e+00
-5.279477432924637448e+00
-5.282870813056297798e+00
-5.270930285395194481e+00
-5.281177275602474630e+00
-5.281815939893120593e+00
-5.275576755609439950e+00
-5.285620734965505108e+00
-5.279381550681824464e+00
-5.284937879112754366e+00
-5.272193940999049921e+00
-5.265725033795458643e+00
-5.290852936703088538e+00
-5.277992995828328482e+00
-5.259676974571408259e+00
-5.272521654754999787e+00
-5.270064794332861347e+00
-5.274250407814677466e+00
-5.277643787946338705e+00
-5.266202018011515662e+00
-5.273900274550594958e+00
-5.277293654682254420e+00
-5.281893779365614883e+00
-5.279481110505580332e+00
-5.273427327979790746e+00
-5.266171396060570054e+00
-5.278221558979544703e+00
-5.275764698557405374e+00
-5.279600178775138097e+00
-5.282993558906798448e+00
-5.271107404971442811e+00
-5.278805661510521219e+00
-5.282199041642182458e+00
-5.286449033061458636e+00
-5.284036364201424085e+00
-5.277632448411549326e+00
-5.265960454544948988e+00
-5.272764003893286144e+00
-5.278419716555726282e+00
-5.272962161469466835e+00
-5.266921134761965995e+00
-5.272576847424405244e+00
-5.278573682569802195e+00
-5.282422669204291488e+00
-5.276381642496789759e+00
-5.282136128503900352e+00
-5.272308606007926279e+00
-5.266785726681457724e+00
-5.268049382285314053e+00
-5.280892704630528733e+00
-5.286889539775924796e+00
-5.286647190637639326e+00
-5.257284396673926885e+00
-5.260600616183672251e+00
-5.255695362144692240e+00
-5.259900349655506346e+00
-5.253317809223606361e+00
-5.265718105406664407e+00
-5.263261244984524190e+00
-5.262076506971538947e+00
-5.259619646549399619e+00
-5.264249644031750108e+00
-5.267643024163412235e+00
-5.258954084662645023e+00
-5.263010742766599748e+00
-5.266404122898260098e+00
-5.271448631582154043e+00
-5.269035962722118605e+00
-5.251670887792396769e+00
-5.267807033147029472e+00
-5.265394364286994922e+00
-5.259784965761737929e+00
-5.253515966799786163e+00
-5.259875132147588062e+00
-5.266325362074645966e+00
-5.260073289723769641e+00
-5.254032263016268800e+00
-5.260482492943325816e+00
-5.266479328088720990e+00
-5.266686716288086600e+00
-5.260645689580585760e+00
-5.266400175587696353e+00
-5.257367170356338271e+00
-5.254246988199844814e+00
-5.251869045368576572e+00
-5.265506884978409019e+00
-5.271503720123804193e+00
-5.271261370985517836e+00
-5.272719812331181366e+00
-5.270262951909041149e+00
-5.270307143471145928e+00
-5.274492756952962935e+00
-5.277886137084625062e+00
-5.274142623688880427e+00
-5.277536003820540778e+00
-5.279723459643864913e+00
-5.266488558711905910e+00
-5.282180320066006018e+00
-5.279767651205969692e+00
-5.273713868680180994e+00
-5.268757841442180734e+00
-5.272518444952460470e+00
-5.260328526929250792e+00
-5.272378689848225441e+00
-5.269921829426085225e+00
-5.272422881410331108e+00
-5.269966020988190003e+00
-5.273801501205923614e+00
-5.277194881337585741e+00
-5.265264535840123550e+00
-5.273006983941307624e+00
-5.276400364072968863e+00
-5.280650355492244152e+00
-5.278237686632208714e+00
-5.265352918964333995e+00
-5.280694547054349819e+00
-5.278281878194314380e+00
-5.271877962404441398e+00
-5.253834105440088997e+00
-5.266678785623680525e+00
-5.264221925201540309e+00
-5.266722977185786192e+00
-5.264266116763645087e+00
-5.268451730245463871e+00
-5.271845110377124222e+00
-5.260359148880196400e+00
-5.268101596981380474e+00
-5.271494977113040825e+00
-5.276095101796399511e+00
-5.273682432936364961e+00
-5.260447532004405957e+00
-5.276139293358504290e+00
-5.273726624498469739e+00
-5.267672841972680153e+00
-5.278375524993621504e+00
-5.275918664571480399e+00
-5.275962856133585177e+00
-5.279798336351318788e+00
-5.283191716482980027e+00
-5.279003819086701910e+00
-5.282397199218363149e+00
-5.284234521777604776e+00
-5.271349754109729169e+00
-5.286691382199744105e+00
-5.284278713339709554e+00
-5.277874797549835684e+00
-5.263503594122810547e+00
-5.270505301047326618e+00
-5.264464274339825778e+00
-5.270119987002265916e+00
-5.276116822147660201e+00
-5.280010000344256049e+00
-5.273968973636755209e+00
-5.269895937147891729e+00
-5.264328866259318396e+00
-5.265636713425280391e+00
-5.278480035770494183e+00
-5.284476870915890245e+00
-5.262274664547718750e+00
-5.266921134761965995e+00
-5.272576847424405244e+00
-5.265389237741630701e+00
-5.257213204342264135e+00
-5.272110448431747365e+00
-5.269697779571711926e+00
-5.265235271727556565e+00
-5.262778411305415460e+00
-5.266263758259064787e+00
-5.269657138390726914e+00
-5.262849479781303685e+00
-5.266169507522616478e+00
-5.269562887654275940e+00
-5.273462745809468721e+00
-5.271050076949434171e+00
-5.254093022185769790e+00
-5.266587569105277922e+00
-5.264130708683137705e+00
-5.259917799097709512e+00
-5.264491993170035578e+00
-5.274735106091249293e+00
-5.268694079383749340e+00
-5.273999658782104305e+00
-5.279996493927499479e+00
-5.274384972827166784e+00
-5.268343946119665944e+00
-5.266461915835245478e+00
-5.266367665098796280e+00
-5.263253091904885217e+00
-5.273205141517487426e+00
-5.279201976662882601e+00
-5.259817804125580309e+00
-5.264464274339825778e+00
-5.270119987002265916e+00
-5.262932377319491373e+00
-5.267885373301696816e+00
-5.278128486222910531e+00
-5.272087459515409691e+00
-5.277393038913764656e+00
-5.283389874059160718e+00
-5.277778352958826247e+00
-5.271737326251325406e+00
-5.269855295966906716e+00
-5.269761045230455743e+00
-5.266646472036545568e+00
-5.276598521649147777e+00
-5.282595356794543839e+00
-5.257923060964572848e+00
-5.269396505732825808e+00
-5.256334026435339091e+00
-5.259240625363035271e+00
-5.260645689580585760e+00
-5.265506884978409019e+00
-5.274000409380572130e+00
-5.267959382673070401e+00
-5.263091828919589155e+00
-5.260160148235994981e+00
-5.260071506462129065e+00
-5.272120311542725979e+00
-5.278117146688121153e+00
-5.271735172282543402e+00
-5.276381642496789759e+00
-5.280892704630528733e+00
-5.273705094947753302e+00
-5.269322503422509740e+00
-5.273968973636755209e+00
-5.278480035770494183e+00
-5.271292426087719640e+00
-5.261283472036423881e+00
-5.273201300805210323e+00
-5.260583205508257088e+00
-5.260231431237883726e+00
-5.270210092213352127e+00
-5.255652829123080849e+00
-5.242326915983304580e+00
-5.258101915069620880e+00
-5.255446897071300860e+00
-5.250740492938199999e+00
-5.248481790092241361e+00
-5.255049431636519053e+00
-5.258442811768179403e+00
-5.252375434211577598e+00
-5.265782906979320721e+00
-5.263612587257571640e+00
-5.255272957623202679e+00
-5.256233637840218798e+00
-5.265694145575044338e+00
-5.259392402596236415e+00
-5.259124161179756562e+00
-5.257361885363569520e+00
-5.253601281853288008e+00
-5.267708259802359017e+00
-5.249480691265702603e+00
-5.259459352241171892e+00
-5.244902089150899727e+00
-5.254594878016174420e+00
-5.270369877102491607e+00
-5.267714859104171587e+00
-5.263008454971069838e+00
-5.260749752125111200e+00
-5.267317393669389780e+00
-5.270710773801050131e+00
-5.264643396244447437e+00
-5.278050869012189672e+00
-5.275880549290440591e+00
-5.259919427837448147e+00
-5.260880108054465154e+00
-5.270340615789290695e+00
-5.266580012279010958e+00
-5.266311770862531105e+00
-5.262008355577814989e+00
-5.260788891536063439e+00
-5.274895869485133559e+00
-5.257576413239563706e+00
-5.267555074215032995e+00
-5.252997811124760830e+00
-5.254889646747378684e+00
-5.267157608780250300e+00
-5.255887403785767020e+00
-5.268155365818636859e+00
-5.258283026879040811e+00
-5.270550988911911539e+00
-5.240597130887829636e+00
-5.246148638465578884e+00
-5.246337139938478167e+00
-5.248745446071035659e+00
-5.246267643540734049e+00
-5.235313872084741860e+00
-5.240068213137345055e+00
-5.246825673267382584e+00
-5.243250138774132374e+00
-5.246643518905791836e+00
-5.232512805972073799e+00
-5.245027674776266302e+00
-5.248421054907926653e+00
-5.242247071152579707e+00
-5.242146030502302878e+00
-5.250205114489828517e+00
-5.235789892385365185e+00
-5.252865092920699475e+00
-5.250094842151657559e+00
-5.251683876680892205e+00
-5.254344021224576444e+00
-5.255044287752744125e+00
-5.246223087246282724e+00
-5.253232385787447001e+00
-5.252834920352664305e+00
-5.256228300484325544e+00
-5.261442267535822559e+00
-5.252234628749060441e+00
-5.250948395313210781e+00
-5.254341775444871132e+00
-5.252725931315344710e+00
-5.256119311447005060e+00
-5.254921395241243687e+00
-5.255628008880720792e+00
-5.250342793126440810e+00
-5.257735155576532371e+00
-5.259512691578666299e+00
-5.245181107873666981e+00
-5.252816097201062462e+00
-5.252471344246687934e+00
-5.255864724378350061e+00
-5.246200490445660947e+00
-5.253898746984740242e+00
-5.257292127116399705e+00
-5.254949216503533194e+00
-5.244365067541551184e+00
-5.247474940092285323e+00
-5.248250153054450529e+00
-5.253199598655535318e+00
-5.244246062466396019e+00
-5.243792184313103455e+00
-5.254163313090600695e+00
-5.258510851234898809e+00
-5.259774506838755137e+00
-5.256935542174094422e+00
-5.258332031113923222e+00
-5.260370829953401106e+00
-5.263764210085061457e+00
-5.251370335210943985e+00
-5.260465080689851192e+00
-5.263858460821510654e+00
-5.263899102002496555e+00
-5.265295590942323578e+00
-5.257094993774194869e+00
-5.253776777418079469e+00
-5.257462567415308818e+00
-5.258450966462535625e+00
-5.261844346594195976e+00
-5.245828018661076619e+00
-5.257212065197384376e+00
-5.260605445329045615e+00
-5.259595686717780438e+00
-5.263281476715008900e+00
-5.254030479754628224e+00
-5.256711492319721124e+00
-5.251144421431147791e+00
-5.251944319005475315e+00
-5.255337699137135665e+00
-5.249844047153193749e+00
-5.254516372272226121e+00
-5.257909752403887360e+00
-5.246181301061277225e+00
-5.252336175170214005e+00
-5.256804334242851873e+00
-5.256406868808069177e+00
-5.259800248939730416e+00
-5.251235923476704315e+00
-5.262473076522698356e+00
-5.265133054953568426e+00
-5.263157321449146941e+00
-5.266962116521531456e+00
-5.258491049279151675e+00
-5.265500347820317728e+00
-5.265102882385535032e+00
-5.268496262517196271e+00
-5.273710229568691510e+00
-5.264502590781930280e+00
-5.264105125347148473e+00
-5.267498505478808823e+00
-5.264900056216712976e+00
-5.267895970913591519e+00
-5.270891885610470062e+00
-5.254604662873085807e+00
-5.259510049833012957e+00
-5.261918355965571337e+00
-5.266123476397330805e+00
-5.247991236308769736e+00
-5.258423247632325825e+00
-5.262653052676248500e+00
-5.266046432807909738e+00
-5.262302919412165103e+00
-5.265696299543826342e+00
-5.267927946929256144e+00
-5.254485657797929754e+00
-5.264123151856871630e+00
-5.268002823636709131e+00
-5.271396203768369482e+00
-5.267208306372092252e+00
-5.270601686503752603e+00
-5.272483200625099897e+00
