-6.049489223864508176e+02
-6.008965743274641227e+02
-6.023131684946679343e+02
-5.980779783698935717e+02
-5.980779783698936853e+02
-5.989730731407433950e+02
-5.980779783698935717e+02
-5.989730731407435087e+02
-5.989730731407433950e+02
-5.993766922629861256e+02
-5.960445081519819723e+02
-5.988776964863893681e+02
-5.974611023191856702e+02
-6.002942906535930661e+02
-5.952447900354862895e+02
-5.980779783698935717e+02
-5.989730731407435087e+02
-5.952447900354861758e+02
-5.961398848063359992e+02
-5.989730731407435087e+02
-5.993766922629861256e+02
-6.009111667043009675e+02
-6.009111667043009675e+02
-6.018062614751509045e+02
-5.989730731407435087e+02
-5.989730731407435087e+02
-5.998681679115932184e+02
-5.989730731407435087e+02
-5.998681679115932184e+02
-5.998681679115933321e+02
-6.002717870338359489e+02
-5.983561970900354936e+02
-5.983561970900354936e+02
-5.997727912572391915e+02
-5.997727912572391915e+02
-5.954501357210311880e+02
-5.968667298882348859e+02
-5.954501357210310744e+02
-5.968667298882348859e+02
-5.967488496141236283e+02
-5.981654437813273262e+02
-5.933212888487654482e+02
-5.947378830159691461e+02
-5.961544771831728440e+02
-5.975710713503765419e+02
-5.940335415538274901e+02
-5.967488496141236283e+02
-5.919046946815617503e+02
-5.933212888487654482e+02
-5.947378830159691461e+02
-5.961544771831728440e+02
-5.967488496141236283e+02
-5.986569194299345327e+02
-5.972403252627308348e+02
-5.981654437813273262e+02
-5.942163836196152715e+02
-5.956329777868189694e+02
-5.970495719540226673e+02
-5.984661661212263652e+02
-5.933212888487654482e+02
-5.947378830159691461e+02
-5.981654437813273262e+02
-5.956329777868189694e+02
-5.970495719540226673e+02
-5.956329777868189694e+02
-5.970495719540226673e+02
-5.942163836196152715e+02
-5.956329777868189694e+02
-5.960365969090615863e+02
-5.974531910762652842e+02
-5.960365969090615863e+02
-5.974531910762652842e+02
-5.947378830159691461e+02
-5.961544771831728440e+02
-5.970495719540226673e+02
-5.975710713503765419e+02
-5.982833240554385839e+02
-5.961544771831727303e+02
-5.989876655175802398e+02
-5.975710713503765419e+02
-5.984661661212263652e+02
-5.940560451735847209e+02
-5.949511399444345443e+02
-5.953547590666771612e+02
-5.953547590666771612e+02
-5.962498538375269845e+02
-5.913103222506109660e+02
-5.955601047522220597e+02
-5.940560451735846073e+02
-5.953547590666771612e+02
-5.962498538375269845e+02
-5.927269164178146639e+02
-5.941435105850183618e+02
-5.966534729597696014e+02
-5.940256303109071041e+02
-5.954422244781108020e+02
-5.897983514290532412e+02
-5.897983514290531275e+02
-5.906934461999030646e+02
-5.926315397634605233e+02
-5.935266345343104604e+02
-5.935266345343104604e+02
-5.939302536565530772e+02
-5.954647280978679191e+02
-5.954647280978679191e+02
-5.963598228687178562e+02
-5.940560451735846073e+02
-5.962498538375269845e+02
-5.927269164178146639e+02
-5.941435105850183618e+02
-5.966534729597696014e+02
-5.940256303109071041e+02
-5.954422244781108020e+02
-5.897983514290531275e+02
-5.906934461999030646e+02
-5.926315397634606370e+02
-5.935266345343104604e+02
-5.935266345343104604e+02
-5.939302536565530772e+02
-5.954647280978679191e+02
-5.963598228687178562e+02
-5.966534729597696014e+02
-5.940256303109071041e+02
-5.954422244781108020e+02
-5.976364242569840144e+02
-5.945171059595143106e+02
-5.959337001267180085e+02
-5.915885409707527742e+02
-5.935266345343103467e+02
-5.944217293051601700e+02
-5.944217293051602837e+02
-5.948253484274029006e+02
-5.972549176395676795e+02
-5.926315397634605233e+02
-5.935266345343104604e+02
-5.935266345343103467e+02
-5.939302536565530772e+02
-5.944217293051602837e+02
-5.944217293051601700e+02
-5.948253484274027869e+02
-5.944217293051601700e+02
-5.948253484274027869e+02
-5.952289675496455175e+02
-5.980779783698935717e+02
-5.952447900354861758e+02
-5.989730731407433950e+02
-5.952447900354861758e+02
-5.989730731407433950e+02
-5.961398848063359992e+02
-5.993766922629860119e+02
-5.946279139847782744e+02
-5.974611023191856702e+02
-5.960445081519819723e+02
-5.988776964863892545e+02
-6.009111667043009675e+02
-6.009111667043009675e+02
-6.018062614751507908e+02
-6.002942906535930661e+02
-6.017108848207967640e+02
-5.989730731407433950e+02
-5.989730731407435087e+02
-5.998681679115932184e+02
-5.989730731407433950e+02
-5.998681679115932184e+02
-5.998681679115932184e+02
-6.002717870338358352e+02
-5.969396029228317957e+02
-5.997727912572391915e+02
-5.983561970900354936e+02
-6.011893854244428894e+02
-5.961398848063361129e+02
-5.989730731407433950e+02
-5.998681679115932184e+02
-5.961398848063359992e+02
-5.970349795771858226e+02
-5.998681679115932184e+02
-6.002717870338358352e+02
-6.018062614751507908e+02
-6.018062614751507908e+02
-6.027013562460006142e+02
-5.954501357210311880e+02
-5.968667298882348859e+02
-5.954501357210311880e+02
-5.968667298882348859e+02
-5.967488496141236283e+02
-5.981654437813272125e+02
-5.919046946815617503e+02
-5.961544771831727303e+02
-5.947378830159690324e+02
-5.989876655175801261e+02
-5.940335415538274901e+02
-5.967488496141236283e+02
-5.904881005143580524e+02
-5.947378830159691461e+02
-5.933212888487654482e+02
-5.975710713503765419e+02
-5.967488496141236283e+02
-5.986569194299345327e+02
-5.972403252627308348e+02
-5.981654437813272125e+02
-5.927997894524115736e+02
-5.970495719540225537e+02
-5.956329777868189694e+02
-5.998827602884300632e+02
-5.919046946815617503e+02
-5.961544771831727303e+02
-5.981654437813272125e+02
-5.942163836196151578e+02
-5.984661661212262516e+02
-5.942163836196151578e+02
-5.984661661212262516e+02
-5.927997894524115736e+02
-5.970495719540225537e+02
-5.946200027418578884e+02
-5.988697852434688684e+02
-5.946200027418578884e+02
-5.988697852434688684e+02
-5.890715063471543544e+02
-5.933212888487654482e+02
-5.942163836196152715e+02
-5.904881005143580524e+02
-5.913831952852078757e+02
-5.956329777868188557e+02
-5.960365969090615863e+02
-5.975710713503765419e+02
-5.956329777868188557e+02
-5.960365969090615863e+02
-5.989876655175801261e+02
-5.998827602884300632e+02
-5.919046946815617503e+02
-5.961544771831727303e+02
-5.970495719540226673e+02
-6.004042596847839377e+02
-5.982833240554384702e+02
-5.933212888487655619e+02
-5.975710713503764282e+02
-5.961544771831728440e+02
-6.004042596847839377e+02
-5.947378830159691461e+02
-5.989876655175801261e+02
-5.956329777868189694e+02
-5.998827602884300632e+02
-5.904881005143581660e+02
-5.947378830159691461e+02
-5.956329777868189694e+02
-5.919046946815617503e+02
-5.927997894524115736e+02
-5.970495719540226673e+02
-5.974531910762651705e+02
-5.989876655175801261e+02
-5.970495719540226673e+02
-5.974531910762652842e+02
-6.004042596847839377e+02
-6.012993544556337611e+02
-5.933212888487654482e+02
-5.975710713503765419e+02
-5.984661661212262516e+02
-6.018208538519876356e+02
-5.940335415538274901e+02
-5.897837590522163964e+02
-5.953322554469199304e+02
-5.982833240554385839e+02
-5.940335415538274901e+02
-5.953322554469199304e+02
-5.982833240554384702e+02
-5.995820379485310241e+02
-5.953322554469199304e+02
-5.958237310955271369e+02
-6.000735135971382306e+02
-5.995820379485310241e+02
-5.995820379485310241e+02
-6.025331065570496776e+02
-5.972403252627308348e+02
-5.986569194299345327e+02
-5.972403252627307211e+02
-5.986569194299345327e+02
-5.985390391558232750e+02
-5.999556333230268592e+02
-5.951114783904650949e+02
-5.965280725576686791e+02
-5.979446667248723770e+02
-5.993612608920761886e+02
-5.958237310955271369e+02
-5.985390391558232750e+02
-5.936948842232613970e+02
-5.951114783904650949e+02
-5.965280725576687928e+02
-5.979446667248724907e+02
-5.985390391558232750e+02
-6.004471089716341794e+02
-5.990305148044304815e+02
-5.999556333230269729e+02
-5.960065731613149183e+02
-5.974231673285185025e+02
-5.988397614957223141e+02
-6.002563556629260120e+02
-5.951114783904649812e+02
-5.965280725576687928e+02
-5.999556333230269729e+02
-5.974231673285185025e+02
-5.988397614957223141e+02
-5.974231673285185025e+02
-5.988397614957223141e+02
-5.960065731613149183e+02
-5.974231673285186162e+02
-5.978267864507612330e+02
-5.992433806179649309e+02
-5.978267864507612330e+02
-5.992433806179649309e+02
-5.965280725576687928e+02
-5.979446667248723770e+02
-5.988397614957223141e+02
-5.993612608920761886e+02
-6.000735135971381169e+02
-5.979446667248723770e+02
-6.007778550592798865e+02
-5.993612608920761886e+02
-6.002563556629258983e+02
-5.949511399444345443e+02
-5.930130463808768582e+02
-5.962498538375268708e+02
-5.934166655031195887e+02
-5.971449486083768079e+02
-5.893722286870533935e+02
-5.922054170214607893e+02
-5.936220111886644872e+02
-5.964551995230717694e+02
-5.962498538375268708e+02
-5.986794230496916498e+02
-5.971449486083768079e+02
-5.990830421719342667e+02
-5.922054170214607893e+02
-5.950386053558680715e+02
-5.964551995230718830e+02
-5.992883878574791652e+02
-5.934166655031194750e+02
-5.971449486083766942e+02
-5.907888228542570914e+02
-5.936220111886644872e+02
-5.922054170214607893e+02
-5.950386053558681851e+02
-5.971449486083766942e+02
-5.990830421719342667e+02
-5.936220111886644872e+02
-5.964551995230718830e+02
-5.950386053558680715e+02
-5.978717936902755810e+02
-5.975485677306194248e+02
-5.920875367473495317e+02
-5.949207250817569275e+02
-5.935041309145532296e+02
-5.963373192489605117e+02
-5.949207250817569275e+02
-5.977539134161643233e+02
-5.963373192489606254e+02
-5.991705075833680212e+02
-5.878602578654956687e+02
-5.906934461999030646e+02
-5.915885409707527742e+02
-5.906934461999029509e+02
-5.915885409707527742e+02
-5.944217293051601700e+02
-5.948253484274029006e+02
-5.935266345343104604e+02
-5.944217293051601700e+02
-5.948253484274029006e+02
-5.963598228687177425e+02
-5.972549176395675659e+02
-5.935266345343104604e+02
-5.963598228687177425e+02
-5.972549176395675659e+02
-5.991930112031252520e+02
-5.892847632756197527e+02
-5.943117602739694121e+02
-5.879556345198496956e+02
-5.907888228542570914e+02
-5.893722286870533935e+02
-5.922054170214607893e+02
-5.975485677306194248e+02
-5.920875367473495317e+02
-5.949207250817569275e+02
-5.935041309145532296e+02
-5.963373192489605117e+02
-5.850270695310882729e+02
-5.887553526363454921e+02
-5.878602578654956687e+02
-5.887553526363454921e+02
-5.915885409707527742e+02
-5.919921600929953911e+02
-5.906934461999030646e+02
-5.915885409707527742e+02
-5.919921600929953911e+02
-5.935266345343104604e+02
-5.944217293051602837e+02
-5.906934461999030646e+02
-5.944217293051602837e+02
-5.963598228687177425e+02
-5.975485677306194248e+02
-5.920875367473495317e+02
-5.949207250817569275e+02
-5.935041309145532296e+02
-5.963373192489605117e+02
-5.985315190278338378e+02
-5.999781369427842037e+02
-5.954122007303641340e+02
-5.982453890647714161e+02
-5.968287948975678319e+02
-5.996619832319752277e+02
-5.925790123959567381e+02
-5.954122007303641340e+02
-5.939956065631604361e+02
-5.968287948975678319e+02
-5.949207250817569275e+02
-5.977539134161643233e+02
-5.963373192489606254e+02
-5.991705075833680212e+02
-5.924836357416027113e+02
-5.915885409707527742e+02
-5.924836357416025976e+02
-5.953168240760101071e+02
-5.957204431982527240e+02
-5.944217293051601700e+02
-5.953168240760099934e+02
-5.957204431982527240e+02
-5.972549176395675659e+02
-5.981500124104173892e+02
-5.981500124104173892e+02
-6.000881059739749617e+02
-5.878602578654956687e+02
-5.887553526363454921e+02
-5.915885409707527742e+02
-5.919921600929953911e+02
-5.935266345343103467e+02
-5.935266345343102330e+02
-5.944217293051601700e+02
-5.963373192489605117e+02
-5.991705075833679075e+02
-5.949207250817569275e+02
-5.977539134161643233e+02
-5.924836357416027113e+02
-5.953168240760099934e+02
-5.957204431982526103e+02
-5.972549176395675659e+02
-5.953168240760101071e+02
-5.957204431982526103e+02
-5.972549176395675659e+02
-5.981500124104173892e+02
-5.972549176395675659e+02
-5.896504474071953155e+02
-5.928872548638452145e+02
-5.944217293051601700e+02
-5.944217293051601700e+02
-5.953168240760099934e+02
-5.961240623204952271e+02
-5.976585367618101827e+02
-5.961240623204953408e+02
-5.976585367618101827e+02
-5.985536315326601198e+02
-5.976585367618101827e+02
-5.964551995230718830e+02
-5.978717936902755810e+02
-6.006175166132492222e+02
-5.992883878574791652e+02
-6.007049820246828631e+02
-5.963598228687178562e+02
-5.991930112031251383e+02
-6.000881059739749617e+02
-6.020261995375326478e+02
-5.991930112031251383e+02
-6.000881059739749617e+02
-6.009832007448248987e+02
-5.993766922629861256e+02
-5.993766922629861256e+02
-6.002717870338358352e+02
-5.993766922629860119e+02
-6.002717870338358352e+02
-6.002717870338358352e+02
-6.006754061560784521e+02
-5.987598162122781105e+02
-5.987598162122781105e+02
-6.001764103794818084e+02
-6.001764103794818084e+02
-5.967488496141236283e+02
-5.981654437813272125e+02
-5.967488496141235146e+02
-5.981654437813273262e+02
-5.980475635072160685e+02
-5.994641576744197664e+02
-5.946200027418577747e+02
-5.960365969090614726e+02
-5.974531910762652842e+02
-5.988697852434688684e+02
-5.953322554469198167e+02
-5.980475635072159548e+02
-5.932034085746541905e+02
-5.946200027418578884e+02
-5.960365969090615863e+02
-5.974531910762651705e+02
-5.980475635072159548e+02
-5.999556333230269729e+02
-5.985390391558232750e+02
-5.994641576744197664e+02
-5.955150975127075981e+02
-5.969316916799114097e+02
-5.983482858471151076e+02
-5.997648800143188055e+02
-5.946200027418578884e+02
-5.960365969090614726e+02
-5.994641576744197664e+02
-5.969316916799112960e+02
-5.983482858471149939e+02
-5.969316916799114097e+02
-5.983482858471151076e+02
-5.955150975127077118e+02
-5.969316916799112960e+02
-5.973353108021539128e+02
-5.987519049693576108e+02
-5.973353108021540265e+02
-5.987519049693576108e+02
-5.960365969090615863e+02
-5.974531910762652842e+02
-5.983482858471151076e+02
-5.988697852434688684e+02
-5.995820379485310241e+02
-5.974531910762651705e+02
-6.002863794106726800e+02
-5.988697852434689821e+02
-5.997648800143188055e+02
-5.981654437813272125e+02
-5.967488496141236283e+02
-5.981654437813272125e+02
-5.967488496141236283e+02
-5.994641576744197664e+02
-5.980475635072159548e+02
-5.946200027418578884e+02
-5.960365969090614726e+02
-5.974531910762652842e+02
-5.988697852434689821e+02
-5.995820379485310241e+02
-5.994641576744197664e+02
-5.960365969090615863e+02
-5.974531910762651705e+02
-5.988697852434689821e+02
-6.002863794106725663e+02
-5.994641576744197664e+02
-5.985390391558232750e+02
-5.999556333230269729e+02
-5.980475635072159548e+02
-5.955150975127077118e+02
-5.969316916799112960e+02
-5.983482858471151076e+02
-5.997648800143188055e+02
-5.974531910762652842e+02
-5.988697852434688684e+02
-5.980475635072159548e+02
-5.969316916799114097e+02
-5.983482858471151076e+02
-5.969316916799114097e+02
-5.983482858471151076e+02
-5.983482858471151076e+02
-5.997648800143186918e+02
-5.973353108021540265e+02
-5.987519049693577244e+02
-5.973353108021540265e+02
-5.987519049693576108e+02
-5.946200027418578884e+02
-5.960365969090614726e+02
-5.969316916799112960e+02
-5.960365969090614726e+02
-5.969316916799114097e+02
-5.983482858471151076e+02
-5.987519049693577244e+02
-5.974531910762652842e+02
-5.983482858471151076e+02
-5.987519049693577244e+02
-5.988697852434688684e+02
-5.997648800143188055e+02
-5.974531910762652842e+02
-5.988697852434689821e+02
-5.997648800143188055e+02
-6.002863794106726800e+02
-5.953322554469198167e+02
-5.932034085746541905e+02
-5.946200027418578884e+02
-5.960365969090614726e+02
-5.974531910762652842e+02
-5.946200027418577747e+02
-5.960365969090614726e+02
-5.955150975127075981e+02
-5.969316916799114097e+02
-5.932034085746541905e+02
-5.946200027418578884e+02
-5.955150975127077118e+02
-5.946200027418578884e+02
-5.955150975127077118e+02
-5.969316916799114097e+02
-5.973353108021540265e+02
-5.960365969090614726e+02
-5.969316916799114097e+02
-5.973353108021540265e+02
-5.974531910762652842e+02
-5.983482858471151076e+02
-5.960365969090614726e+02
-5.974531910762652842e+02
-5.983482858471151076e+02
-5.988697852434688684e+02
-5.967488496141236283e+02
-5.953322554469199304e+02
-5.980475635072160685e+02
-5.981654437813272125e+02
-5.967488496141236283e+02
-5.980475635072159548e+02
-5.981654437813273262e+02
-5.994641576744197664e+02
-5.980475635072159548e+02
-5.985390391558232750e+02
-5.999556333230269729e+02
-5.994641576744197664e+02
-5.994641576744197664e+02
-5.995820379485310241e+02
-5.953547590666771612e+02
-5.966534729597694877e+02
-5.966534729597694877e+02
-5.975485677306193111e+02
-5.911924419764995946e+02
-5.940256303109069904e+02
-5.954422244781106883e+02
-5.982754128125180841e+02
-5.966534729597694877e+02
-5.975485677306194248e+02
-5.966534729597696014e+02
-5.911924419764997083e+02
-5.940256303109069904e+02
-5.954422244781108020e+02
-5.982754128125180841e+02
-5.966534729597694877e+02
-5.975485677306193111e+02
-5.926090361437034062e+02
-5.954422244781106883e+02
-5.940256303109071041e+02
-5.968588186453143862e+02
-5.975485677306193111e+02
-5.966534729597694877e+02
-5.926090361437034062e+02
-5.954422244781108020e+02
-5.940256303109069904e+02
-5.968588186453143862e+02
-5.979521868528620416e+02
-5.939077500367957327e+02
-5.967409383712031286e+02
-5.953243442039995443e+02
-5.981575325384069401e+02
-5.939077500367957327e+02
-5.967409383712031286e+02
-5.953243442039994306e+02
-5.981575325384069401e+02
-5.882638769877382856e+02
-5.910970653221455677e+02
-5.919921600929953911e+02
-5.910970653221456814e+02
-5.919921600929955048e+02
-5.948253484274027869e+02
-5.952289675496454038e+02
-5.939302536565528499e+02
-5.948253484274027869e+02
-5.952289675496454038e+02
-5.967634419909603594e+02
-5.976585367618101827e+02
-5.939302536565528499e+02
-5.967634419909603594e+02
-5.976585367618101827e+02
-5.995966303253677552e+02
-5.953547590666770475e+02
-5.975485677306193111e+02
-5.926090361437034062e+02
-5.954422244781108020e+02
-5.940256303109069904e+02
-5.968588186453143862e+02
-5.979521868528620416e+02
-5.939077500367957327e+02
-5.967409383712031286e+02
-5.953243442039994306e+02
-5.981575325384069401e+02
-5.882638769877381719e+02
-5.910970653221454540e+02
-5.919921600929953911e+02
-5.910970653221455677e+02
-5.919921600929953911e+02
-5.948253484274027869e+02
-5.952289675496454038e+02
-5.939302536565529635e+02
-5.948253484274027869e+02
-5.952289675496454038e+02
-5.967634419909602457e+02
-5.976585367618101827e+02
-5.939302536565530772e+02
-5.967634419909602457e+02
-5.976585367618101827e+02
-5.995966303253677552e+02
-5.979521868528620416e+02
-5.939077500367957327e+02
-5.967409383712031286e+02
-5.953243442039994306e+02
-5.981575325384068265e+02
-5.989351381500764546e+02
-5.975485677306193111e+02
-5.943992256854030529e+02
-5.972324140198104487e+02
-5.958158198526066371e+02
-5.986490081870140330e+02
-5.943992256854030529e+02
-5.972324140198104487e+02
-5.958158198526066371e+02
-5.986490081870141466e+02
-5.939077500367958464e+02
-5.967409383712032422e+02
-5.953243442039994306e+02
-5.981575325384069401e+02
-5.891589717585881090e+02
-5.919921600929953911e+02
-5.928872548638453281e+02
-5.919921600929953911e+02
-5.928872548638452145e+02
-5.957204431982526103e+02
-5.961240623204952271e+02
-5.948253484274027869e+02
-5.957204431982526103e+02
-5.961240623204952271e+02
-5.976585367618101827e+02
-5.985536315326600061e+02
-5.948253484274027869e+02
-5.976585367618101827e+02
-5.985536315326600061e+02
-6.004917250962175785e+02
-5.910970653221455677e+02
-5.939302536565529635e+02
-5.948253484274027869e+02
-5.910970653221456814e+02
-5.919921600929955048e+02
-5.948253484274027869e+02
-5.952289675496454038e+02
-5.967634419909603594e+02
-5.967634419909603594e+02
-5.976585367618101827e+02
-5.953243442039994306e+02
-5.981575325384069401e+02
-5.939077500367957327e+02
-5.967409383712031286e+02
-5.919921600929953911e+02
-5.948253484274027869e+02
-5.957204431982526103e+02
-5.919921600929952774e+02
-5.928872548638451008e+02
-5.957204431982526103e+02
-5.961240623204952271e+02
-5.976585367618101827e+02
-5.957204431982526103e+02
-5.961240623204952271e+02
-5.976585367618101827e+02
-5.985536315326600061e+02
-5.919921600929953911e+02
-5.948253484274027869e+02
-5.957204431982526103e+02
-5.976585367618101827e+02
-5.919921600929953911e+02
-5.948253484274027869e+02
-5.957204431982526103e+02
-5.919921600929955048e+02
-5.928872548638453281e+02
-5.957204431982526103e+02
-5.961240623204952271e+02
-5.976585367618101827e+02
-5.976585367618101827e+02
-5.985536315326600061e+02
-5.923957792152381217e+02
-5.952289675496454038e+02
-5.961240623204952271e+02
-5.923957792152380080e+02
-5.932908739860878313e+02
-5.961240623204951135e+02
-5.965276814427378440e+02
-5.980621558840527996e+02
-5.961240623204951135e+02
-5.965276814427378440e+02
-5.980621558840527996e+02
-5.989572506549026230e+02
-5.923957792152381217e+02
-5.952289675496454038e+02
-5.961240623204952271e+02
-5.980621558840527996e+02
-5.911924419764995946e+02
-5.897758478092960104e+02
-5.939077500367957327e+02
-5.940256303109069904e+02
-5.926090361437034062e+02
-5.939077500367958464e+02
-5.954422244781108020e+02
-5.967409383712031286e+02
-5.939077500367958464e+02
-5.943992256854030529e+02
-5.972324140198104487e+02
-5.967409383712031286e+02
-5.911924419764997083e+02
-5.940256303109071041e+02
-5.953243442039995443e+02
-5.958158198526067508e+02
-5.953243442039995443e+02
-5.981575325384069401e+02
-5.967409383712031286e+02
-5.982754128125181978e+02
-5.953243442039995443e+02
-5.968588186453143862e+02
-5.986490081870141466e+02
-5.981575325384069401e+02
-5.981575325384069401e+02
-5.996920069797217820e+02
-5.954422244781108020e+02
-5.982754128125181978e+02
-5.953547590666771612e+02
-5.926090361437034062e+02
-5.954422244781108020e+02
-5.940256303109071041e+02
-5.968588186453143862e+02
-5.882638769877382856e+02
-5.910970653221455677e+02
-5.919921600929953911e+02
-5.910970653221455677e+02
-5.919921600929953911e+02
-5.948253484274027869e+02
-5.952289675496454038e+02
-5.939302536565529635e+02
-5.948253484274027869e+02
-5.952289675496454038e+02
-5.967634419909603594e+02
-5.976585367618101827e+02
-5.939302536565529635e+02
-5.967634419909602457e+02
-5.976585367618101827e+02
-5.995966303253678689e+02
-5.910970653221455677e+02
-5.939302536565529635e+02
-5.948253484274027869e+02
-5.910970653221456814e+02
-5.919921600929953911e+02
-5.948253484274027869e+02
-5.952289675496454038e+02
-5.967634419909603594e+02
-5.967634419909603594e+02
-5.976585367618101827e+02
-5.919921600929953911e+02
-5.948253484274027869e+02
-5.957204431982527240e+02
-5.919921600929953911e+02
-5.928872548638452145e+02
-5.957204431982524966e+02
-5.961240623204952271e+02
-5.976585367618101827e+02
-5.976585367618101827e+02
-5.985536315326601198e+02
-5.911924419764997083e+02
-5.897758478092960104e+02
-5.939077500367957327e+02
-5.940256303109069904e+02
-5.926090361437032925e+02
-5.939077500367958464e+02
-5.954422244781108020e+02
-5.967409383712032422e+02
-5.939077500367958464e+02
-5.943992256854030529e+02
-5.972324140198104487e+02
-5.967409383712032422e+02
-5.911924419764997083e+02
-5.940256303109069904e+02
-5.953243442039995443e+02
-5.958158198526067508e+02
-5.953243442039995443e+02
-5.981575325384069401e+02
-5.967409383712031286e+02
-5.982754128125181978e+02
-5.953243442039994306e+02
-5.968588186453144999e+02
-5.986490081870141466e+02
-5.981575325384069401e+02
-5.981575325384069401e+02
-5.996920069797218957e+02
-5.954422244781108020e+02
-5.982754128125181978e+02
-5.953547590666771612e+02
-5.938202846253622056e+02
-5.975485677306194248e+02
-5.896883823978623695e+02
-5.938202846253620919e+02
-5.947153793962119153e+02
-5.979521868528620416e+02
-5.975485677306194248e+02
-5.994866612941768835e+02
-5.975485677306194248e+02
-5.975485677306194248e+02
-5.979521868528619279e+02
-5.994866612941768835e+02
-5.979521868528619279e+02
-5.989351381500764546e+02
-6.003817560650268206e+02
-6.010211357354918391e+02
-5.962498538375268708e+02
-5.975485677306193111e+02
-5.984436625014692481e+02
-5.935041309145532296e+02
-5.935041309145532296e+02
-5.977539134161642096e+02
-5.977539134161643233e+02
-5.984436625014692481e+02
-5.975485677306193111e+02
-5.935041309145532296e+02
-5.935041309145531159e+02
-5.977539134161643233e+02
-5.977539134161643233e+02
-5.984436625014691344e+02
-5.949207250817569275e+02
-5.949207250817569275e+02
-5.963373192489605117e+02
-5.963373192489605117e+02
-5.984436625014691344e+02
-5.949207250817569275e+02
-5.949207250817569275e+02
-5.963373192489606254e+02
-5.963373192489605117e+02
-5.988472816237117513e+02
-5.962194389748492540e+02
-5.962194389748493677e+02
-5.976360331420530656e+02
-5.976360331420530656e+02
-5.962194389748492540e+02
-5.962194389748493677e+02
-5.976360331420530656e+02
-5.976360331420530656e+02
-5.919921600929953911e+02
-5.919921600929953911e+02
-5.928872548638451008e+02
-5.948253484274027869e+02
-5.957204431982526103e+02
-5.957204431982527240e+02
-5.961240623204952271e+02
-5.919921600929953911e+02
-5.957204431982526103e+02
-5.961240623204952271e+02
-5.948253484274027869e+02
-5.957204431982526103e+02
-5.976585367618101827e+02
-5.976585367618101827e+02
-5.985536315326600061e+02
-5.976585367618101827e+02
-5.962498538375268708e+02
-5.984436625014692481e+02
-5.949207250817569275e+02
-5.949207250817569275e+02
-5.963373192489605117e+02
-5.963373192489605117e+02
-5.988472816237117513e+02
-5.962194389748492540e+02
-5.962194389748492540e+02
-5.976360331420530656e+02
-5.976360331420530656e+02
-5.919921600929953911e+02
-5.928872548638453281e+02
-5.948253484274027869e+02
-5.957204431982527240e+02
-5.957204431982527240e+02
-5.961240623204953408e+02
-5.919921600929955048e+02
-5.957204431982526103e+02
-5.961240623204953408e+02
-5.948253484274027869e+02
-5.957204431982527240e+02
-5.976585367618102964e+02
-5.985536315326601198e+02
-5.976585367618101827e+02
-5.988472816237117513e+02
-5.962194389748493677e+02
-5.962194389748493677e+02
-5.976360331420529519e+02
-5.976360331420529519e+02
-5.998302329209262780e+02
-5.984436625014691344e+02
-5.967109146234565742e+02
-5.967109146234565742e+02
-5.981275087906602721e+02
-5.981275087906602721e+02
-5.967109146234565742e+02
-5.967109146234565742e+02
-5.981275087906602721e+02
-5.981275087906602721e+02
-5.962194389748493677e+02
-5.962194389748493677e+02
-5.976360331420530656e+02
-5.976360331420530656e+02
-5.937823496346950378e+02
-5.957204431982526103e+02
-5.966155379691024336e+02
-5.966155379691024336e+02
-5.970191570913450505e+02
-5.928872548638453281e+02
-5.966155379691024336e+02
-5.970191570913450505e+02
-5.957204431982526103e+02
-5.966155379691024336e+02
-5.994487263035098294e+02
-5.985536315326601198e+02
-5.948253484274027869e+02
-5.957204431982526103e+02
-5.957204431982526103e+02
-5.961240623204952271e+02
-5.948253484274027869e+02
-5.948253484274027869e+02
-5.957204431982526103e+02
-5.976360331420530656e+02
-5.976360331420530656e+02
-5.962194389748492540e+02
-5.962194389748492540e+02
-5.966155379691024336e+02
-5.966155379691024336e+02
-5.970191570913450505e+02
-5.957204431982526103e+02
-5.966155379691024336e+02
-5.970191570913450505e+02
-5.957204431982526103e+02
-5.966155379691024336e+02
-5.957204431982526103e+02
-5.966155379691024336e+02
-5.970191570913450505e+02
-5.957204431982527240e+02
-5.957204431982526103e+02
-5.966155379691024336e+02
-5.974227762135876674e+02
-5.961240623204953408e+02
-5.974227762135876674e+02
-5.961240623204952271e+02
-5.970191570913450505e+02
-5.961240623204952271e+02
-5.949207250817569275e+02
-5.963373192489605117e+02
-5.962498538375268708e+02
-5.949207250817568138e+02
-5.963373192489605117e+02
-5.919921600929955048e+02
-5.948253484274027869e+02
-5.957204431982527240e+02
-5.976585367618101827e+02
-5.948253484274027869e+02
-5.957204431982526103e+02
-5.966155379691024336e+02
-5.898937280834073817e+02
-5.913103222506110797e+02
-5.955601047522220597e+02
-5.969766989194257576e+02
-5.911924419764998220e+02
-5.926090361437034062e+02
-5.940256303109071041e+02
-5.954422244781108020e+02
-5.935041309145532296e+02
-5.949207250817569275e+02
-5.963373192489606254e+02
-5.977539134161643233e+02
-5.863482870439379440e+02
-5.877648812111415282e+02
-5.886599759819914652e+02
-5.905980695455489240e+02
-5.914931643163988610e+02
-5.929097584836024453e+02
-5.933133776058450621e+02
-5.891814753783453398e+02
-5.929097584836024453e+02
-5.933133776058450621e+02
-5.934312578799563198e+02
-5.943263526508061432e+02
-5.948478520471600177e+02
-5.962644462143637156e+02
-5.971595409852135390e+02
-5.976810403815674135e+02
-5.935041309145532296e+02
-5.949207250817569275e+02
-5.963373192489606254e+02
-5.977539134161643233e+02
-5.940256303109071041e+02
-5.954422244781108020e+02
-5.968588186453144999e+02
-5.982754128125181978e+02
-5.877648812111415282e+02
-5.891814753783452261e+02
-5.900765701491950495e+02
-5.920146637127526219e+02
-5.929097584836024453e+02
-5.943263526508061432e+02
-5.947299717730486464e+02
-5.905980695455489240e+02
-5.943263526508060295e+02
-5.947299717730487600e+02
-5.948478520471600177e+02
-5.957429468180098411e+02
-5.962644462143637156e+02
-5.976810403815672998e+02
-5.985761351524172369e+02
-5.990976345487711114e+02
-5.891814753783452261e+02
-5.905980695455489240e+02
-5.914931643163987474e+02
-5.929097584836024453e+02
-5.933133776058450621e+02
-5.920146637127526219e+02
-5.929097584836024453e+02
-5.933133776058450621e+02
-5.934312578799563198e+02
-5.943263526508060295e+02
-5.948478520471600177e+02
-5.905980695455489240e+02
-5.920146637127525082e+02
-5.929097584836024453e+02
-5.943263526508061432e+02
-5.947299717730487600e+02
-5.934312578799563198e+02
-5.943263526508061432e+02
-5.947299717730487600e+02
-5.948478520471600177e+02
-5.957429468180098411e+02
-5.962644462143637156e+02
-5.953243442039995443e+02
-5.967409383712032422e+02
-5.904801892714376663e+02
-5.918967834386414779e+02
-5.927918782094911876e+02
-5.918967834386413642e+02
-5.927918782094911876e+02
-5.942084723766948855e+02
-5.946120914989375024e+02
-5.933133776058450621e+02
-5.942084723766948855e+02
-5.946120914989375024e+02
-5.947299717730487600e+02
-5.956250665438985834e+02
-5.933133776058450621e+02
-5.947299717730487600e+02
-5.956250665438985834e+02
-5.961465659402524579e+02
-5.918967834386413642e+02
-5.933133776058450621e+02
-5.942084723766948855e+02
-5.933133776058450621e+02
-5.942084723766948855e+02
-5.956250665438985834e+02
-5.960286856661412003e+02
-5.947299717730487600e+02
-5.956250665438985834e+02
-5.960286856661412003e+02
-5.961465659402524579e+02
-5.970416607111022813e+02
-5.947299717730487600e+02
-5.961465659402524579e+02
-5.970416607111022813e+02
-5.975631601074561559e+02
-5.891814753783453398e+02
-5.918967834386413642e+02
-5.918967834386413642e+02
-5.923882590872485707e+02
-5.938048532544523823e+02
-5.933133776058450621e+02
-5.920146637127527356e+02
-5.947299717730487600e+02
-5.952214474216559665e+02
-5.961465659402524579e+02
-5.933133776058450621e+02
-5.934312578799563198e+02
-5.947299717730487600e+02
-5.966380415888596644e+02
-5.961465659402524579e+02
-5.962644462143637156e+02
-5.898937280834073817e+02
-5.913103222506109660e+02
-5.935041309145532296e+02
-5.949207250817569275e+02
-5.935041309145533432e+02
-5.949207250817569275e+02
-5.877648812111415282e+02
-5.900765701491950495e+02
-5.891814753783453398e+02
-5.900765701491950495e+02
-5.914931643163987474e+02
-5.918967834386412505e+02
-5.905980695455489240e+02
-5.914931643163987474e+02
-5.918967834386413642e+02
-5.920146637127526219e+02
-5.929097584836024453e+02
-5.905980695455489240e+02
-5.929097584836024453e+02
-5.934312578799563198e+02
-5.953243442039995443e+02
-5.967409383712032422e+02
-5.953243442039995443e+02
-5.967409383712032422e+02
-5.904801892714376663e+02
-5.927918782094911876e+02
-5.918967834386413642e+02
-5.927918782094911876e+02
-5.942084723766948855e+02
-5.946120914989375024e+02
-5.933133776058450621e+02
-5.942084723766948855e+02
-5.946120914989373887e+02
-5.947299717730487600e+02
-5.956250665438985834e+02
-5.933133776058450621e+02
-5.956250665438985834e+02
-5.961465659402524579e+02
-5.904801892714376663e+02
-5.909716649200448728e+02
-5.923882590872485707e+02
-5.918967834386413642e+02
-5.933133776058450621e+02
-5.938048532544522686e+02
-5.947299717730487600e+02
-5.918967834386413642e+02
-5.920146637127526219e+02
-5.952214474216559665e+02
-5.947299717730487600e+02
-5.948478520471600177e+02
-5.953243442039995443e+02
-5.967409383712032422e+02
-5.927918782094911876e+02
-5.918967834386413642e+02
-5.927918782094911876e+02
-5.942084723766948855e+02
-5.946120914989373887e+02
-5.933133776058450621e+02
-5.942084723766947718e+02
-5.946120914989373887e+02
-5.947299717730486464e+02
-5.956250665438985834e+02
-5.956250665438984697e+02
-5.961465659402524579e+02
-5.963072955012139573e+02
-5.977238896684176552e+02
-5.963373192489606254e+02
-5.977539134161643233e+02
-5.963373192489606254e+02
-5.977539134161643233e+02
-5.946999480253020920e+02
-5.938048532544522686e+02
-5.946999480253020920e+02
-5.961165421925057899e+02
-5.965201613147484068e+02
-5.952214474216559665e+02
-5.961165421925057899e+02
-5.965201613147484068e+02
-5.966380415888595508e+02
-5.975331363597094878e+02
-5.975331363597094878e+02
-5.980546357560633624e+02
-5.932833538580983941e+02
-5.923882590872485707e+02
-5.932833538580983941e+02
-5.946999480253020920e+02
-5.951035671475447089e+02
-5.938048532544522686e+02
-5.946999480253020920e+02
-5.951035671475447089e+02
-5.952214474216559665e+02
-5.961165421925057899e+02
-5.961165421925057899e+02
-5.966380415888596644e+02
-5.942084723766948855e+02
-5.933133776058450621e+02
-5.942084723766948855e+02
-5.956250665438985834e+02
-5.960286856661412003e+02
-5.947299717730487600e+02
-5.956250665438985834e+02
-5.960286856661412003e+02
-5.961465659402524579e+02
-5.970416607111022813e+02
-5.970416607111022813e+02
-5.975631601074561559e+02
-5.970416607111022813e+02
-5.942084723766948855e+02
-5.943263526508061432e+02
-5.971595409852135390e+02
-5.933133776058450621e+02
-5.934312578799563198e+02
-5.942084723766947718e+02
-5.956250665438985834e+02
-5.960286856661412003e+02
-5.975631601074561559e+02
-5.956250665438985834e+02
-5.960286856661412003e+02
-5.961465659402524579e+02
-5.970416607111022813e+02
-5.947299717730486464e+02
-5.957429468180098411e+02
-5.957429468180097274e+02
-5.943263526508061432e+02
-5.961465659402524579e+02
-5.961465659402524579e+02
-5.955601047522220597e+02
-5.969766989194257576e+02
-5.948478520471599040e+02
-5.962644462143637156e+02
-5.971595409852135390e+02
-5.976810403815674135e+02
-5.940560451735847209e+02
-5.953547590666770475e+02
-5.962498538375268708e+02
-5.884771339162036838e+02
-5.941435105850182481e+02
-5.927269164178146639e+02
-5.983932930866294555e+02
-5.966534729597694877e+02
-5.911924419764997083e+02
-5.968588186453143862e+02
-5.926090361437034062e+02
-5.982754128125180841e+02
-5.841319747602385632e+02
-5.897983514290532412e+02
-5.906934461999030646e+02
-5.869651630946458454e+02
-5.878602578654956687e+02
-5.935266345343103467e+02
-5.939302536565530772e+02
-5.954647280978679191e+02
-5.935266345343103467e+02
-5.939302536565530772e+02
-5.982979164322753149e+02
-5.991930112031251383e+02
-5.897983514290532412e+02
-5.954647280978678054e+02
-5.963598228687176288e+02
-6.011311047666827108e+02
-5.940560451735847209e+02
-5.962498538375268708e+02
-5.898937280834072681e+02
-5.955601047522220597e+02
-5.913103222506109660e+02
-5.969766989194257576e+02
-5.966534729597694877e+02
-5.911924419764997083e+02
-5.968588186453143862e+02
-5.926090361437034062e+02
-5.982754128125180841e+02
-5.841319747602384496e+02
-5.897983514290531275e+02
-5.906934461999029509e+02
-5.869651630946458454e+02
-5.878602578654956687e+02
-5.935266345343103467e+02
-5.939302536565529635e+02
-5.954647280978679191e+02
-5.935266345343104604e+02
-5.939302536565529635e+02
-5.982979164322753149e+02
-5.991930112031251383e+02
-5.897983514290531275e+02
-5.954647280978679191e+02
-5.963598228687177425e+02
-6.011311047666827108e+02
-5.966534729597694877e+02
-5.911924419764997083e+02
-5.968588186453143862e+02
-5.926090361437034062e+02
-5.982754128125180841e+02
-5.976364242569839007e+02
-5.916839176251069148e+02
-5.973502942939217064e+02
-5.931005117923106127e+02
-5.987668884611252906e+02
-5.850270695310882729e+02
-5.906934461999030646e+02
-5.915885409707528879e+02
-5.878602578654956687e+02
-5.887553526363454921e+02
-5.944217293051601700e+02
-5.948253484274027869e+02
-5.963598228687176288e+02
-5.944217293051601700e+02
-5.948253484274027869e+02
-5.991930112031251383e+02
-6.000881059739749617e+02
-5.906934461999030646e+02
-5.963598228687176288e+02
-5.972549176395674522e+02
-6.020261995375325341e+02
-5.869651630946458454e+02
-5.926315397634605233e+02
-5.935266345343104604e+02
-5.869651630946458454e+02
-5.878602578654956687e+02
-5.935266345343103467e+02
-5.939302536565529635e+02
-5.982979164322753149e+02
-5.982979164322753149e+02
-5.991930112031251383e+02
-5.878602578654956687e+02
-5.935266345343103467e+02
-5.944217293051601700e+02
-5.878602578654956687e+02
-5.887553526363453784e+02
-5.944217293051601700e+02
-5.948253484274027869e+02
-5.991930112031251383e+02
-5.991930112031251383e+02
-6.000881059739749617e+02
-5.878602578654956687e+02
-5.935266345343104604e+02
-5.944217293051601700e+02
-5.878602578654956687e+02
-5.887553526363454921e+02
-5.944217293051601700e+02
-5.948253484274027869e+02
-5.991930112031250246e+02
-5.991930112031251383e+02
-6.000881059739749617e+02
-5.882638769877382856e+02
-5.939302536565529635e+02
-5.948253484274027869e+02
-5.882638769877381719e+02
-5.891589717585879953e+02
-5.948253484274027869e+02
-5.952289675496452901e+02
-5.995966303253676415e+02
-5.995966303253677552e+02
-6.004917250962175785e+02
-5.884771339162036838e+02
-5.842273514145925901e+02
-5.911924419764997083e+02
-5.941435105850183618e+02
-5.911924419764997083e+02
-5.968588186453143862e+02
-5.911924419764997083e+02
-5.916839176251069148e+02
-5.973502942939217064e+02
-5.968588186453143862e+02
-5.856439455817962880e+02
-5.926090361437034062e+02
-5.931005117923106127e+02
-5.926090361437034062e+02
-5.982754128125181978e+02
-5.968588186453143862e+02
-6.012264814210368513e+02
-5.926090361437034062e+02
-5.987668884611252906e+02
-5.982754128125180841e+02
-5.982754128125181978e+02
-6.026430755882404355e+02
-5.927269164178146639e+02
-5.983932930866293418e+02
-5.896883823978623695e+02
-5.962498538375269845e+02
-5.827232918359552514e+02
-5.905834771687121929e+02
-5.966534729597694877e+02
-5.962498538375268708e+02
-6.010211357354918391e+02
-5.966534729597694877e+02
-5.966534729597694877e+02
-5.976364242569839007e+02
-6.019162305063416625e+02
-6.053887985112141905e+02
-5.938202846253620919e+02
-5.975485677306193111e+02
-5.897758478092960104e+02
-5.926090361437034062e+02
-5.940256303109071041e+02
-5.968588186453143862e+02
-5.975485677306194248e+02
-5.994866612941768835e+02
-5.926090361437034062e+02
-5.954422244781108020e+02
-5.968588186453144999e+02
-5.996920069797217820e+02
-5.979521868528619279e+02
-5.924911558695921485e+02
-5.953243442039995443e+02
-5.939077500367958464e+02
-5.967409383712031286e+02
-5.953243442039995443e+02
-5.981575325384068265e+02
-5.967409383712031286e+02
-5.995741267056106381e+02
-5.882638769877382856e+02
-5.910970653221455677e+02
-5.919921600929953911e+02
-5.910970653221456814e+02
-5.919921600929953911e+02
-5.948253484274027869e+02
-5.952289675496454038e+02
-5.939302536565530772e+02
-5.948253484274027869e+02
-5.952289675496454038e+02
-5.967634419909603594e+02
-5.976585367618101827e+02
-5.939302536565530772e+02
-5.967634419909603594e+02
-5.976585367618101827e+02
-5.995966303253677552e+02
-5.947153793962119153e+02
-5.883592536420923125e+02
-5.911924419764997083e+02
-5.897758478092961241e+02
-5.926090361437034062e+02
-5.979521868528619279e+02
-5.924911558695921485e+02
-5.953243442039994306e+02
-5.939077500367958464e+02
-5.967409383712031286e+02
-5.854306886533308898e+02
-5.891589717585881090e+02
-5.882638769877382856e+02
-5.891589717585881090e+02
-5.919921600929953911e+02
-5.923957792152380080e+02
-5.910970653221456814e+02
-5.919921600929953911e+02
-5.923957792152380080e+02
-5.939302536565530772e+02
-5.948253484274029006e+02
-5.910970653221456814e+02
-5.948253484274027869e+02
-5.967634419909602457e+02
-5.979521868528619279e+02
-5.924911558695921485e+02
-5.953243442039995443e+02
-5.939077500367957327e+02
-5.967409383712031286e+02
-5.989351381500763409e+02
-6.003817560650267069e+02
-5.958158198526067508e+02
-5.986490081870140330e+02
-5.972324140198104487e+02
-6.000656023542178445e+02
-5.929826315181993550e+02
-5.958158198526066371e+02
-5.943992256854030529e+02
-5.972324140198103350e+02
-5.953243442039995443e+02
-5.981575325384068265e+02
-5.967409383712031286e+02
-5.995741267056105244e+02
-5.928872548638453281e+02
-5.919921600929953911e+02
-5.928872548638452145e+02
-5.957204431982526103e+02
-5.961240623204952271e+02
-5.948253484274027869e+02
-5.957204431982527240e+02
-5.961240623204952271e+02
-5.976585367618101827e+02
-5.985536315326600061e+02
-5.985536315326598924e+02
-6.004917250962175785e+02
-5.882638769877382856e+02
-5.891589717585881090e+02
-5.919921600929953911e+02
-5.923957792152380080e+02
-5.939302536565529635e+02
-5.939302536565529635e+02
-5.948253484274027869e+02
-5.967409383712031286e+02
-5.995741267056105244e+02
-5.953243442039995443e+02
-5.981575325384069401e+02
-5.928872548638453281e+02
-5.957204431982526103e+02
-5.961240623204952271e+02
-5.976585367618101827e+02
-5.957204431982526103e+02
-5.961240623204952271e+02
-5.976585367618101827e+02
-5.985536315326600061e+02
-5.976585367618101827e+02
-5.900540665294379323e+02
-5.932908739860878313e+02
-5.948253484274027869e+02
-5.948253484274027869e+02
-5.957204431982524966e+02
-5.965276814427377303e+02
-5.980621558840527996e+02
-5.965276814427377303e+02
-5.980621558840527996e+02
-5.989572506549026230e+02
-5.980621558840527996e+02
-5.968588186453144999e+02
-5.982754128125181978e+02
-5.996920069797217820e+02
-6.011086011469255936e+02
-5.967634419909603594e+02
-5.995966303253677552e+02
-6.004917250962175785e+02
-6.024298186597751510e+02
-5.995966303253677552e+02
-6.004917250962175785e+02
-6.013868198670674019e+02
-5.984436625014691344e+02
-5.920875367473495317e+02
-5.949207250817569275e+02
-5.963373192489606254e+02
-5.991705075833679075e+02
-5.984436625014691344e+02
-5.920875367473495317e+02
-5.949207250817569275e+02
-5.963373192489606254e+02
-5.991705075833679075e+02
-5.988472816237117513e+02
-5.948028448076456698e+02
-5.976360331420530656e+02
-5.962194389748492540e+02
-5.990526273092566498e+02
-5.948028448076456698e+02
-5.976360331420529519e+02
-5.962194389748492540e+02
-5.990526273092567635e+02
-5.891589717585881090e+02
-5.919921600929955048e+02
-5.928872548638453281e+02
-5.919921600929953911e+02
-5.928872548638452145e+02
-5.957204431982526103e+02
-5.961240623204952271e+02
-5.948253484274027869e+02
-5.957204431982526103e+02
-5.961240623204952271e+02
-5.976585367618101827e+02
-5.985536315326600061e+02
-5.948253484274027869e+02
-5.976585367618101827e+02
-5.985536315326601198e+02
-6.004917250962175785e+02
-5.984436625014691344e+02
-5.935041309145532296e+02
-5.963373192489606254e+02
-5.949207250817569275e+02
-5.977539134161642096e+02
-5.988472816237117513e+02
-5.948028448076456698e+02
-5.976360331420529519e+02
-5.962194389748492540e+02
-5.990526273092566498e+02
-5.891589717585879953e+02
-5.919921600929953911e+02
-5.928872548638453281e+02
-5.919921600929953911e+02
-5.928872548638453281e+02
-5.957204431982527240e+02
-5.961240623204952271e+02
-5.948253484274027869e+02
-5.957204431982527240e+02
-5.961240623204952271e+02
-5.976585367618101827e+02
-5.985536315326600061e+02
-5.948253484274029006e+02
-5.976585367618101827e+02
-5.985536315326600061e+02
-6.004917250962175785e+02
-5.988472816237117513e+02
-5.948028448076456698e+02
-5.976360331420530656e+02
-5.962194389748492540e+02
-5.990526273092566498e+02
-5.998302329209262780e+02
-5.984436625014691344e+02
-5.952943204562528763e+02
-5.981275087906601584e+02
-5.967109146234565742e+02
-5.995441029578639700e+02
-5.952943204562527626e+02
-5.981275087906601584e+02
-5.967109146234564605e+02
-5.995441029578638563e+02
-5.948028448076456698e+02
-5.976360331420529519e+02
-5.962194389748492540e+02
-5.990526273092566498e+02
-5.900540665294379323e+02
-5.928872548638453281e+02
-5.937823496346950378e+02
-5.928872548638452145e+02
-5.937823496346950378e+02
-5.966155379691024336e+02
-5.970191570913450505e+02
-5.957204431982524966e+02
-5.966155379691024336e+02
-5.970191570913450505e+02
-5.985536315326600061e+02
-5.994487263035098294e+02
-5.957204431982526103e+02
-5.985536315326600061e+02
-5.994487263035098294e+02
-6.013868198670674019e+02
-5.919921600929953911e+02
-5.948253484274027869e+02
-5.957204431982526103e+02
-5.919921600929953911e+02
-5.928872548638453281e+02
-5.957204431982526103e+02
-5.961240623204952271e+02
-5.976585367618101827e+02
-5.976585367618101827e+02
-5.985536315326600061e+02
-5.962194389748492540e+02
-5.990526273092566498e+02
-5.948028448076456698e+02
-5.976360331420530656e+02
-5.928872548638453281e+02
-5.957204431982526103e+02
-5.966155379691024336e+02
-5.928872548638452145e+02
-5.937823496346950378e+02
-5.966155379691024336e+02
-5.970191570913450505e+02
-5.985536315326600061e+02
-5.966155379691024336e+02
-5.970191570913450505e+02
-5.985536315326600061e+02
-5.994487263035098294e+02
-5.928872548638453281e+02
-5.957204431982526103e+02
-5.966155379691024336e+02
-5.985536315326600061e+02
-5.928872548638452145e+02
-5.957204431982527240e+02
-5.966155379691024336e+02
-5.928872548638453281e+02
-5.937823496346950378e+02
-5.966155379691024336e+02
-5.970191570913450505e+02
-5.985536315326598924e+02
-5.985536315326601198e+02
-5.994487263035098294e+02
-5.932908739860878313e+02
-5.961240623204952271e+02
-5.970191570913450505e+02
-5.932908739860878313e+02
-5.941859687569376547e+02
-5.970191570913450505e+02
-5.974227762135876674e+02
-5.989572506549025093e+02
-5.970191570913450505e+02
-5.974227762135876674e+02
-5.989572506549026230e+02
-5.998523454257524463e+02
-5.932908739860878313e+02
-5.961240623204952271e+02
-5.970191570913450505e+02
-5.989572506549026230e+02
-5.920875367473495317e+02
-5.906709425801458337e+02
-5.948028448076456698e+02
-5.949207250817569275e+02
-5.948028448076456698e+02
-5.976360331420530656e+02
-5.948028448076456698e+02
-5.952943204562528763e+02
-5.981275087906602721e+02
-5.976360331420530656e+02
-5.920875367473495317e+02
-5.962194389748492540e+02
-5.967109146234565742e+02
-5.962194389748492540e+02
-5.990526273092567635e+02
-5.976360331420530656e+02
-5.991705075833679075e+02
-5.962194389748493677e+02
-5.995441029578639700e+02
-5.990526273092566498e+02
-5.990526273092566498e+02
-6.005871017505717191e+02
-5.963373192489606254e+02
-5.991705075833679075e+02
-5.935041309145532296e+02
-5.963373192489605117e+02
-5.949207250817569275e+02
-5.977539134161642096e+02
-5.891589717585879953e+02
-5.919921600929953911e+02
-5.928872548638452145e+02
-5.919921600929953911e+02
-5.928872548638452145e+02
-5.957204431982526103e+02
-5.961240623204952271e+02
-5.948253484274027869e+02
-5.957204431982526103e+02
-5.961240623204952271e+02
-5.976585367618101827e+02
-5.985536315326598924e+02
-5.948253484274027869e+02
-5.976585367618101827e+02
-5.985536315326598924e+02
-6.004917250962175785e+02
-5.919921600929953911e+02
-5.948253484274027869e+02
-5.957204431982526103e+02
-5.919921600929953911e+02
-5.928872548638452145e+02
-5.957204431982526103e+02
-5.961240623204952271e+02
-5.976585367618101827e+02
-5.976585367618101827e+02
-5.985536315326600061e+02
-5.928872548638452145e+02
-5.957204431982526103e+02
-5.966155379691024336e+02
-5.928872548638452145e+02
-5.937823496346950378e+02
-5.966155379691024336e+02
-5.970191570913450505e+02
-5.985536315326598924e+02
-5.985536315326600061e+02
-5.994487263035097158e+02
-5.920875367473495317e+02
-5.906709425801458337e+02
-5.948028448076456698e+02
-5.949207250817569275e+02
-5.948028448076456698e+02
-5.976360331420530656e+02
-5.948028448076456698e+02
-5.952943204562528763e+02
-5.981275087906602721e+02
-5.976360331420530656e+02
-5.920875367473495317e+02
-5.962194389748492540e+02
-5.967109146234564605e+02
-5.962194389748492540e+02
-5.990526273092567635e+02
-5.976360331420530656e+02
-5.991705075833679075e+02
-5.962194389748492540e+02
-5.995441029578639700e+02
-5.990526273092567635e+02
-5.990526273092566498e+02
-6.005871017505717191e+02
-5.963373192489606254e+02
-5.991705075833679075e+02
-5.956104741670617386e+02
-5.988472816237117513e+02
-5.988472816237117513e+02
-5.988472816237117513e+02
-5.998302329209261643e+02
-6.012768508358765303e+02
-5.835150987095305481e+02
-5.877648812111415282e+02
-5.886599759819913515e+02
-5.929097584836024453e+02
-5.933133776058450621e+02
-5.920146637127526219e+02
-5.929097584836024453e+02
-5.933133776058450621e+02
-5.962644462143637156e+02
-5.971595409852135390e+02
-6.005142287159746957e+02
-5.849316928767342461e+02
-5.891814753783452261e+02
-5.900765701491950495e+02
-5.943263526508061432e+02
-5.947299717730487600e+02
-5.934312578799563198e+02
-5.943263526508061432e+02
-5.947299717730487600e+02
-5.976810403815672998e+02
-5.985761351524171232e+02
-6.019308228831785073e+02
-5.939077500367957327e+02
-5.981575325384069401e+02
-5.876470009370302705e+02
-5.918967834386413642e+02
-5.927918782094911876e+02
-5.890635951042339684e+02
-5.899586898750837918e+02
-5.942084723766947718e+02
-5.946120914989373887e+02
-5.961465659402523443e+02
-5.942084723766948855e+02
-5.946120914989373887e+02
-5.975631601074560422e+02
-5.984582548783059792e+02
-5.904801892714376663e+02
-5.947299717730487600e+02
-5.956250665438985834e+02
-5.989797542746597401e+02
-5.890635951042339684e+02
-5.933133776058449484e+02
-5.942084723766947718e+02
-5.904801892714375526e+02
-5.913752840422873760e+02
-5.956250665438984697e+02
-5.960286856661410866e+02
-5.975631601074560422e+02
-5.956250665438984697e+02
-5.960286856661410866e+02
-5.989797542746597401e+02
-5.998748490455096771e+02
-5.918967834386413642e+02
-5.961465659402524579e+02
-5.970416607111022813e+02
-6.003963484418634380e+02
-5.863482870439379440e+02
-5.849316928767341324e+02
-5.904801892714376663e+02
-5.905980695455489240e+02
-5.904801892714376663e+02
-5.947299717730486464e+02
-5.904801892714376663e+02
-5.909716649200448728e+02
-5.952214474216559665e+02
-5.947299717730487600e+02
-5.877648812111415282e+02
-5.933133776058449484e+02
-5.938048532544522686e+02
-5.933133776058450621e+02
-5.975631601074560422e+02
-5.947299717730486464e+02
-5.976810403815672998e+02
-5.933133776058449484e+02
-5.980546357560632487e+02
-5.975631601074560422e+02
-5.975631601074561559e+02
-6.005142287159748093e+02
-5.948478520471599040e+02
-5.990976345487709978e+02
-5.849316928767341324e+02
-5.891814753783452261e+02
-5.900765701491950495e+02
-5.872433818147876536e+02
-5.914931643163987474e+02
-5.918967834386413642e+02
-5.934312578799563198e+02
-5.914931643163987474e+02
-5.918967834386413642e+02
-5.957429468180098411e+02
-5.877648812111415282e+02
-5.920146637127526219e+02
-5.929097584836024453e+02
-5.962644462143637156e+02
-5.939077500367958464e+02
-5.981575325384069401e+02
-5.939077500367957327e+02
-5.981575325384069401e+02
-5.876470009370302705e+02
-5.918967834386413642e+02
-5.927918782094911876e+02
-5.890635951042339684e+02
-5.899586898750837918e+02
-5.942084723766947718e+02
-5.946120914989373887e+02
-5.961465659402524579e+02
-5.942084723766947718e+02
-5.946120914989375024e+02
-5.975631601074560422e+02
-5.984582548783058655e+02
-5.904801892714376663e+02
-5.947299717730486464e+02
-5.956250665438985834e+02
-5.989797542746597401e+02
-5.835150987095304345e+02
-5.890635951042339684e+02
-5.891814753783453398e+02
-5.890635951042339684e+02
-5.933133776058450621e+02
-5.890635951042339684e+02
-5.895550707528411749e+02
-5.938048532544523823e+02
-5.933133776058450621e+02
-5.863482870439379440e+02
-5.918967834386413642e+02
-5.923882590872485707e+02
-5.918967834386414779e+02
-5.961465659402524579e+02
-5.933133776058450621e+02
-5.962644462143637156e+02
-5.918967834386413642e+02
-5.966380415888596644e+02
-5.961465659402524579e+02
-5.961465659402524579e+02
-5.990976345487711114e+02
-5.976810403815674135e+02
-5.939077500367957327e+02
-5.981575325384069401e+02
-5.876470009370302705e+02
-5.918967834386413642e+02
-5.927918782094911876e+02
-5.890635951042339684e+02
-5.899586898750837918e+02
-5.942084723766947718e+02
-5.946120914989373887e+02
-5.961465659402524579e+02
-5.942084723766947718e+02
-5.946120914989373887e+02
-5.975631601074560422e+02
-5.984582548783059792e+02
-5.904801892714376663e+02
-5.947299717730486464e+02
-5.956250665438985834e+02
-5.989797542746597401e+02
-5.948907013340102594e+02
-5.991404838356213531e+02
-5.895550707528411749e+02
-5.938048532544521549e+02
-5.946999480253020920e+02
-5.909716649200447591e+02
-5.918667596908946962e+02
-5.961165421925056762e+02
-5.965201613147482931e+02
-5.980546357560633624e+02
-5.961165421925057899e+02
-5.965201613147482931e+02
-5.994712299232669466e+02
-6.003663246941168836e+02
-5.923882590872485707e+02
-5.966380415888595508e+02
-5.975331363597094878e+02
-6.008878240904707582e+02
-5.881384765856375907e+02
-5.923882590872485707e+02
-5.932833538580983941e+02
-5.895550707528411749e+02
-5.904501655236911120e+02
-5.946999480253020920e+02
-5.951035671475447089e+02
-5.966380415888595508e+02
-5.946999480253020920e+02
-5.951035671475447089e+02
-5.980546357560633624e+02
-5.989497305269131857e+02
-5.909716649200448728e+02
-5.952214474216559665e+02
-5.961165421925057899e+02
-5.994712299232669466e+02
-5.890635951042339684e+02
-5.933133776058449484e+02
-5.942084723766947718e+02
-5.904801892714375526e+02
-5.913752840422873760e+02
-5.956250665438984697e+02
-5.960286856661410866e+02
-5.975631601074560422e+02
-5.956250665438985834e+02
-5.960286856661410866e+02
-5.989797542746598538e+02
-5.998748490455096771e+02
-5.918967834386413642e+02
-5.961465659402523443e+02
-5.970416607111021676e+02
-6.003963484418634380e+02
-5.858267876475840694e+02
-5.913752840422874897e+02
-5.914931643163987474e+02
-5.913752840422874897e+02
-5.956250665438984697e+02
-5.913752840422874897e+02
-5.918667596908946962e+02
-5.961165421925056762e+02
-5.956250665438984697e+02
-5.886599759819914652e+02
-5.942084723766947718e+02
-5.946999480253020920e+02
-5.942084723766947718e+02
-5.984582548783058655e+02
-5.956250665438985834e+02
-5.985761351524171232e+02
-5.942084723766947718e+02
-5.989497305269130720e+02
-5.984582548783058655e+02
-5.984582548783058655e+02
-6.014093234868246327e+02
-5.999927293196209348e+02
-5.904801892714376663e+02
-5.934312578799563198e+02
-5.904801892714376663e+02
-5.947299717730486464e+02
-5.904801892714376663e+02
-5.909716649200448728e+02
-5.952214474216559665e+02
-5.947299717730487600e+02
-5.947299717730486464e+02
-5.918967834386413642e+02
-5.961465659402523443e+02
-5.970416607111021676e+02
-5.904801892714376663e+02
-5.913752840422874897e+02
-5.956250665438984697e+02
-5.960286856661410866e+02
-6.003963484418634380e+02
-5.956250665438984697e+02
-5.960286856661410866e+02
-5.989797542746597401e+02
-5.998748490455095634e+02
-5.890635951042339684e+02
-5.933133776058450621e+02
-5.942084723766948855e+02
-5.975631601074560422e+02
-5.872433818147876536e+02
-5.927918782094910739e+02
-5.957429468180097274e+02
-5.927918782094911876e+02
-5.970416607111021676e+02
-5.927918782094911876e+02
-5.932833538580983941e+02
-5.975331363597093741e+02
-5.970416607111021676e+02
-5.872433818147876536e+02
-5.927918782094910739e+02
-5.932833538580982804e+02
-5.927918782094911876e+02
-5.970416607111021676e+02
-5.970416607111021676e+02
-5.999927293196208211e+02
-5.927918782094911876e+02
-5.975331363597094878e+02
-5.970416607111021676e+02
-5.970416607111021676e+02
-5.999927293196208211e+02
-5.957429468180097274e+02
-5.913752840422874897e+02
-5.943263526508060295e+02
-5.913752840422876034e+02
-5.956250665438984697e+02
-5.913752840422874897e+02
-5.918667596908946962e+02
-5.961165421925056762e+02
-5.956250665438985834e+02
-5.956250665438985834e+02
-5.876470009370302705e+02
-5.931954973317338045e+02
-5.961465659402524579e+02
-5.931954973317336908e+02
-5.974452798333447845e+02
-5.931954973317336908e+02
-5.936869729803410110e+02
-5.979367554819521047e+02
-5.974452798333447845e+02
-5.876470009370302705e+02
-5.931954973317336908e+02
-5.936869729803408973e+02
-5.931954973317336908e+02
-5.974452798333447845e+02
-5.974452798333447845e+02
-6.003963484418634380e+02
-5.931954973317338045e+02
-5.979367554819521047e+02
-5.974452798333447845e+02
-5.974452798333447845e+02
-6.003963484418635517e+02
-5.961465659402524579e+02
-5.953243442039995443e+02
-5.953243442039995443e+02
-5.953243442039995443e+02
-5.963072955012139573e+02
-5.953243442039995443e+02
-5.920146637127526219e+02
-5.962644462143636019e+02
-5.971595409852134253e+02
-6.005142287159746957e+02
-5.918967834386413642e+02
-5.918967834386413642e+02
-5.961465659402523443e+02
-5.918967834386414779e+02
-5.923882590872485707e+02
-5.966380415888595508e+02
-5.961465659402523443e+02
-5.891814753783452261e+02
-5.947299717730486464e+02
-5.952214474216559665e+02
-5.947299717730487600e+02
-5.989797542746598538e+02
-5.961465659402524579e+02
-5.947299717730486464e+02
-5.994712299232669466e+02
-5.989797542746598538e+02
-5.989797542746598538e+02
-6.019308228831785073e+02
-5.933133776058450621e+02
-5.933133776058449484e+02
-5.975631601074560422e+02
-5.933133776058449484e+02
-5.938048532544522686e+02
-5.980546357560632487e+02
-5.975631601074560422e+02
-5.975631601074560422e+02
-5.942084723766947718e+02
-5.942084723766947718e+02
-5.984582548783059792e+02
-5.942084723766947718e+02
-5.946999480253020920e+02
-5.989497305269131857e+02
-5.984582548783059792e+02
-5.984582548783059792e+02
-5.967409383712031286e+02
-5.967409383712031286e+02
-5.967409383712031286e+02
-5.977238896684176552e+02
-5.967409383712031286e+02
-5.992509007459543682e+02
-5.966230580970919846e+02
-5.980396522642955688e+02
-5.923957792152380080e+02
-5.923957792152380080e+02
-5.932908739860878313e+02
-5.952289675496454038e+02
-5.961240623204952271e+02
-5.961240623204952271e+02
-5.965276814427379577e+02
-5.980621558840527996e+02
-5.980621558840527996e+02
-5.989572506549026230e+02
-5.992509007459543682e+02
-5.966230580970918709e+02
-5.980396522642956825e+02
-5.923957792152380080e+02
-5.923957792152380080e+02
-5.932908739860878313e+02
-5.952289675496455175e+02
-5.961240623204952271e+02
-5.961240623204952271e+02
-5.965276814427378440e+02
-5.980621558840527996e+02
-5.980621558840527996e+02
-5.989572506549026230e+02
-5.992509007459543682e+02
-5.966230580970919846e+02
-5.980396522642955688e+02
-6.002338520431687812e+02
-5.971145337456991911e+02
-5.985311279129028890e+02
-5.932908739860878313e+02
-5.932908739860878313e+02
-5.941859687569376547e+02
-5.961240623204953408e+02
-5.970191570913450505e+02
-5.970191570913450505e+02
-5.974227762135876674e+02
-5.989572506549026230e+02
-5.989572506549026230e+02
-5.998523454257524463e+02
-5.952289675496454038e+02
-5.952289675496454038e+02
-5.961240623204952271e+02
-5.952289675496454038e+02
-5.961240623204952271e+02
-5.961240623204952271e+02
-5.965276814427378440e+02
-5.961240623204952271e+02
-5.961240623204952271e+02
-5.970191570913450505e+02
-5.961240623204952271e+02
-5.970191570913450505e+02
-5.970191570913450505e+02
-5.974227762135876674e+02
-5.961240623204953408e+02
-5.961240623204952271e+02
-5.970191570913450505e+02
-5.961240623204952271e+02
-5.970191570913450505e+02
-5.970191570913450505e+02
-5.974227762135876674e+02
-5.965276814427378440e+02
-5.965276814427378440e+02
-5.974227762135876674e+02
-5.965276814427379577e+02
-5.974227762135876674e+02
-5.974227762135876674e+02
-5.978263953358302842e+02
-5.966230580970918709e+02
-5.966230580970918709e+02
-5.966230580970919846e+02
-5.971145337456991911e+02
-5.980396522642956825e+02
-5.985311279129028890e+02
-5.980396522642956825e+02
-5.980396522642956825e+02
-5.992509007459543682e+02
-5.992509007459543682e+02
-6.002338520431687812e+02
-5.917789031645301066e+02
-5.931954973317338045e+02
-5.940905921025836278e+02
-5.955071862697873257e+02
-5.959108053920299426e+02
-5.946120914989375024e+02
-5.955071862697873257e+02
-5.959108053920299426e+02
-5.960286856661412003e+02
-5.969237804369909099e+02
-5.974452798333448982e+02
-5.931954973317338045e+02
-5.946120914989373887e+02
-5.955071862697873257e+02
-5.969237804369910236e+02
-5.973273995592336405e+02
-5.960286856661412003e+02
-5.969237804369909099e+02
-5.973273995592336405e+02
-5.974452798333447845e+02
-5.983403746041946079e+02
-5.988618740005485961e+02
-5.931954973317338045e+02
-5.931954973317338045e+02
-5.946120914989373887e+02
-5.931954973317338045e+02
-5.936869729803410110e+02
-5.951035671475447089e+02
-5.946120914989375024e+02
-5.960286856661410866e+02
-5.965201613147484068e+02
-5.960286856661412003e+02
-5.974452798333447845e+02
-5.946120914989375024e+02
-5.960286856661410866e+02
-5.979367554819521047e+02
-5.974452798333448982e+02
-5.974452798333448982e+02
-5.966230580970919846e+02
-5.980396522642956825e+02
-5.966230580970919846e+02
-5.980396522642956825e+02
-5.917789031645301066e+02
-5.931954973317338045e+02
-5.940905921025836278e+02
-5.931954973317338045e+02
-5.940905921025836278e+02
-5.955071862697873257e+02
-5.959108053920299426e+02
-5.946120914989375024e+02
-5.955071862697872120e+02
-5.959108053920299426e+02
-5.960286856661412003e+02
-5.969237804369909099e+02
-5.946120914989375024e+02
-5.960286856661412003e+02
-5.969237804369909099e+02
-5.974452798333447845e+02
-5.917789031645301066e+02
-5.917789031645301066e+02
-5.931954973317338045e+02
-5.917789031645301066e+02
-5.922703788131373130e+02
-5.936869729803410110e+02
-5.931954973317338045e+02
-5.946120914989373887e+02
-5.951035671475447089e+02
-5.946120914989375024e+02
-5.960286856661410866e+02
-5.931954973317338045e+02
-5.946120914989375024e+02
-5.965201613147482931e+02
-5.960286856661412003e+02
-5.960286856661410866e+02
-5.931954973317338045e+02
-5.940905921025836278e+02
-5.940905921025836278e+02
-5.955071862697873257e+02
-5.959108053920299426e+02
-5.955071862697872120e+02
-5.959108053920299426e+02
-5.969237804369909099e+02
-5.946120914989375024e+02
-5.960286856661410866e+02
-5.969237804369909099e+02
-5.974452798333447845e+02
-5.976060093943063976e+02
-5.990226035615100955e+02
-5.936869729803411246e+02
-5.951035671475447089e+02
-5.959986619183945322e+02
-5.951035671475447089e+02
-5.959986619183945322e+02
-5.974152560855982301e+02
-5.978188752078408470e+02
-5.965201613147484068e+02
-5.974152560855982301e+02
-5.978188752078408470e+02
-5.979367554819521047e+02
-5.988318502528018143e+02
-5.965201613147482931e+02
-5.979367554819521047e+02
-5.988318502528019280e+02
-5.993533496491556889e+02
-5.922703788131373130e+02
-5.936869729803410110e+02
-5.945820677511908343e+02
-5.936869729803410110e+02
-5.945820677511908343e+02
-5.959986619183945322e+02
-5.964022810406371491e+02
-5.951035671475447089e+02
-5.959986619183944185e+02
-5.964022810406371491e+02
-5.965201613147484068e+02
-5.974152560855982301e+02
-5.951035671475447089e+02
-5.965201613147482931e+02
-5.974152560855981164e+02
-5.979367554819521047e+02
-5.946120914989375024e+02
-5.955071862697873257e+02
-5.955071862697873257e+02
-5.969237804369909099e+02
-5.973273995592336405e+02
-5.969237804369910236e+02
-5.973273995592336405e+02
-5.983403746041946079e+02
-5.960286856661412003e+02
-5.974452798333448982e+02
-5.983403746041947215e+02
-5.988618740005484824e+02
-5.940905921025836278e+02
-5.940905921025836278e+02
-5.945820677511908343e+02
-5.959986619183945322e+02
-5.955071862697873257e+02
-5.969237804369909099e+02
-5.974152560855982301e+02
-5.983403746041947215e+02
-5.955071862697873257e+02
-5.969237804369909099e+02
-5.988318502528019280e+02
-5.983403746041947215e+02
-5.931954973317338045e+02
-5.936869729803410110e+02
-5.951035671475445952e+02
-5.946120914989373887e+02
-5.960286856661410866e+02
-5.974452798333447845e+02
-5.983403746041947215e+02
-5.946120914989373887e+02
-5.955071862697872120e+02
-5.969237804369910236e+02
-5.973273995592335268e+02
-5.988618740005484824e+02
-5.969237804369909099e+02
-5.973273995592335268e+02
-5.974452798333447845e+02
-5.983403746041947215e+02
-5.931954973317336908e+02
-5.946120914989373887e+02
-5.955071862697872120e+02
-5.960286856661410866e+02
-5.955071862697872120e+02
-5.955071862697872120e+02
-5.959986619183944185e+02
-5.974152560855982301e+02
-5.969237804369910236e+02
-5.955071862697872120e+02
-5.959986619183944185e+02
-5.969237804369909099e+02
-5.969237804369910236e+02
-5.955071862697873257e+02
-5.974152560855982301e+02
-5.969237804369910236e+02
-5.940905921025836278e+02
-5.945820677511908343e+02
-5.959986619183944185e+02
-5.955071862697872120e+02
-5.959108053920299426e+02
-5.959108053920299426e+02
-5.964022810406370354e+02
-5.978188752078407333e+02
-5.973273995592335268e+02
-5.959108053920298289e+02
-5.964022810406371491e+02
-5.973273995592335268e+02
-5.973273995592335268e+02
-5.959108053920299426e+02
-5.978188752078408470e+02
-5.973273995592335268e+02
-5.966230580970918709e+02
-5.976060093943063976e+02
-5.966230580970918709e+02
-5.946120914989375024e+02
-5.951035671475447089e+02
-5.965201613147484068e+02
-5.974452798333448982e+02
-5.979367554819521047e+02
-5.988618740005485961e+02
-5.960286856661412003e+02
-5.974452798333448982e+02
-5.993533496491558026e+02
-5.988618740005485961e+02
-5.960286856661412003e+02
-5.965201613147484068e+02
-5.979367554819521047e+02
-5.974452798333447845e+02
-5.969237804369910236e+02
-5.974152560855982301e+02
-5.988318502528019280e+02
-5.983403746041947215e+02
-5.980396522642956825e+02
-5.990226035615100955e+02
-5.980396522642956825e+02
-5.952289675496454038e+02
-5.962119188468598168e+02
-5.952289675496454038e+02
-5.923957792152381217e+02
-5.952289675496454038e+02
-5.961240623204953408e+02
-5.923957792152380080e+02
-5.932908739860878313e+02
-5.961240623204952271e+02
-5.965276814427379577e+02
-5.980621558840527996e+02
-5.980621558840527996e+02
-5.989572506549027366e+02
-5.931954973317338045e+02
-5.936869729803410110e+02
-5.965201613147482931e+02
-5.951035671475447089e+02
-5.974452798333448982e+02
-5.960286856661412003e+02
-5.946120914989373887e+02
-5.979367554819521047e+02
-5.952289675496455175e+02
-5.962119188468599305e+02
-5.952289675496454038e+02
-5.933787305124525346e+02
-5.962119188468598168e+02
-5.971070136177097538e+02
-5.933787305124524210e+02
-5.942738252833022443e+02
-5.971070136177097538e+02
-5.975106327399522570e+02
-5.990451071812673263e+02
-5.990451071812672126e+02
-5.999402019521171496e+02
-5.936869729803410110e+02
-5.941784486289482174e+02
-5.970116369633556133e+02
-5.955950427961519154e+02
-5.979367554819521047e+02
-5.965201613147484068e+02
-5.951035671475445952e+02
-5.984282311305593112e+02
-5.961240623204952271e+02
-5.971070136177097538e+02
-5.961240623204952271e+02
-5.961240623204952271e+02
-5.971070136177097538e+02
-5.961240623204952271e+02
-5.971070136177097538e+02
-5.965276814427378440e+02
-5.975106327399523707e+02
-5.992509007459543682e+02
-5.966230580970918709e+02
-5.966230580970918709e+02
-5.980396522642956825e+02
-5.980396522642956825e+02
-5.923957792152380080e+02
-5.932908739860878313e+02
-5.961240623204952271e+02
-5.961240623204952271e+02
-5.965276814427378440e+02
-5.923957792152380080e+02
-5.961240623204952271e+02
-5.965276814427377303e+02
-5.961240623204952271e+02
-5.980621558840527996e+02
-5.989572506549026230e+02
-5.980621558840527996e+02
-6.002338520431687812e+02
-5.971145337456991911e+02
-5.971145337456991911e+02
-5.985311279129028890e+02
-5.985311279129027753e+02
-5.941859687569376547e+02
-5.970191570913450505e+02
-5.970191570913450505e+02
-5.974227762135876674e+02
-5.998523454257524463e+02
-5.970191570913450505e+02
-5.970191570913450505e+02
-5.974227762135876674e+02
-5.970191570913450505e+02
-5.974227762135876674e+02
-5.970191570913450505e+02
-5.974227762135876674e+02
-5.970191570913450505e+02
-5.978263953358302842e+02
-5.978263953358302842e+02
-5.917789031645301066e+02
-5.940905921025836278e+02
-5.955071862697873257e+02
-5.959108053920299426e+02
-5.946120914989373887e+02
-5.955071862697872120e+02
-5.959108053920299426e+02
-5.969237804369909099e+02
-5.974452798333447845e+02
-5.922703788131373130e+02
-5.936869729803410110e+02
-5.951035671475447089e+02
-5.960286856661410866e+02
-5.931954973317338045e+02
-5.965201613147482931e+02
-5.976060093943063976e+02
-5.990226035615100955e+02
-5.959986619183945322e+02
-5.959986619183944185e+02
-5.974152560855982301e+02
-5.978188752078408470e+02
-5.965201613147482931e+02
-5.974152560855982301e+02
-5.978188752078408470e+02
-5.988318502528019280e+02
-5.988318502528019280e+02
-5.993533496491558026e+02
-5.945820677511908343e+02
-5.945820677511908343e+02
-5.959986619183944185e+02
-5.964022810406371491e+02
-5.951035671475447089e+02
-5.959986619183944185e+02
-5.964022810406371491e+02
-5.974152560855982301e+02
-5.974152560855982301e+02
-5.979367554819519910e+02
-5.983403746041947215e+02
-5.955071862697872120e+02
-5.969237804369909099e+02
-5.973273995592335268e+02
-5.988618740005484824e+02
-5.969237804369909099e+02
-5.973273995592335268e+02
-5.933787305124524210e+02
-5.942738252833023580e+02
-5.971070136177097538e+02
-5.971070136177097538e+02
-5.975106327399523707e+02
-5.990451071812672126e+02
-5.999402019521171496e+02
-6.012168033403833078e+02
-5.980974850429136040e+02
-5.995140792101173020e+02
-5.951689200541520677e+02
-5.980021083885594635e+02
-5.980021083885594635e+02
-5.984057275108020804e+02
-6.008352967229668593e+02
-5.980021083885594635e+02
-5.980021083885594635e+02
-5.984057275108020804e+02
-5.980021083885594635e+02
-5.984057275108020804e+02
-5.988093466330446972e+02
-5.955950427961519154e+02
-5.970116369633556133e+02
-5.984282311305593112e+02
-5.998448252977630091e+02
-5.927618544617445195e+02
-5.950735433997980408e+02
-5.964901375670017387e+02
-5.968937566892443556e+02
-5.964901375670017387e+02
-5.968937566892443556e+02
-5.979067317342054366e+02
-5.941784486289482174e+02
-5.964901375670017387e+02
-5.979067317342054366e+02
-5.983103508564480535e+02
-5.979067317342054366e+02
-5.983103508564480535e+02
-5.993233259014091345e+02
